8 0.6139322916666666 0.7141203703703703 0.22786458333333334 0.19675925925925927
6 0.4127604166666667 0.6423611111111112 0.15364583333333334 0.3263888888888889
6 0.21744791666666666 0.5810185185185185 0.18489583333333334 0.3055555555555556
6 0.4544270833333333 0.6458333333333334 0.018229166666666668 0.004629629629629629
6 0.115234375 0.7314814814814815 0.23046875 0.1527777777777778
6 0.6119791666666666 0.3460648148148148 0.13020833333333334 0.24768518518518517
7 0.6184895833333334 0.5601851851851852 0.13802083333333334 0.10185185185185185
7 0.4733072916666667 0.3020833333333333 0.08463541666666667 0.1736111111111111
7 0.3131510416666667 0.39814814814814814 0.11848958333333333 0.2037037037037037
7 0.185546875 0.32060185185185186 0.14453125 0.17824074074074073
7 0.35546875 0.2743055555555556 0.09375 0.15046296296296297
3 0.07486979166666667 0.2986111111111111 0.055989583333333336 0.18055555555555555