7 0.6396458333333332 0.32280555555555557 0.20299999999999999 0.41783333333333333
7 0.8603124999999999 0.1125 0.157609375 0.225
7 0.8022395833333333 0.8439814814814814 0.28625520833333334 0.31203703703703706
7 0.214296875 0.7583333333333333 0.36880208333333336 0.48333333333333334
7 0.5740208333333333 0.07969444444444444 0.14674479166666668 0.15938888888888889
6 0.4283177083333333 0.27690740740740744 0.246734375 0.3869259259259259
6 0.07825520833333334 0.5733055555555555 0.15651041666666668 0.46513888888888894
6 0.47872916666666665 0.762962962962963 0.34775520833333334 0.4740740740740741
6 0.4338020833333333 0.04172222222222222 0.132921875 0.08344444444444445
9 0.27403125 0.19680555555555557 0.24285416666666665 0.3897314814814815
3 0.04440104166666667 0.23597222222222222 0.08880208333333334 0.23953703703703702
3 0.20582291666666666 0.07413888888888888 0.07065104166666666 0.14827777777777776