3 0.13968229166666665 0.16512962962962963 0.08834375 0.27378703703703705
6 0.24944270833333335 0.23505555555555557 0.23079687499999998 0.3302962962962963
3 0.2762604166666666 0.03060185185185185 0.057380208333333335 0.06121296296296296
3 0.5646458333333333 0.245462962962963 0.08216666666666667 0.25389814814814815
3 0.18147395833333332 0.5719166666666666 0.101109375 0.397537037037037
3 0.26571354166666666 0.6895185185185184 0.13835937499999998 0.31792592592592595
5 0.8376770833333332 0.7224537037037037 0.29911979166666663 0.5550925925925926
7 0.4825052083333333 0.7537037037037037 0.35322395833333337 0.4925925925925926
7 0.8844166666666666 0.38322222222222224 0.20304166666666665 0.2932962962962963
6 0.38302604166666665 0.36633333333333334 0.26050520833333335 0.4308148148148148
6 0.11015625 0.8729166666666667 0.2203125 0.25416666666666665
7 0.03919270833333333 0.6561759259259259 0.07838541666666667 0.19567592592592595
6 0.6785729166666666 0.3473425925925926 0.22670312499999998 0.3280092592592593
8 0.9005208333333333 0.16675925925925925 0.19895833333333332 0.3335185185185185
6 0.3715677083333333 0.08617592592592592 0.18967708333333333 0.1723611111111111
6 0.5707708333333333 0.0776111111111111 0.16106770833333334 0.14503703703703702
6 0.7328541666666666 0.09402777777777778 0.15007812499999998 0.18787962962962962