3 0.09244791666666667 0.2175925925925926 0.1015625 0.24074074074074073
3 0.23893229166666666 0.06828703703703703 0.05078125 0.13657407407407407
7 0.22005208333333334 0.25925925925925924 0.2265625 0.3148148148148148
7 0.416015625 0.3287037037037037 0.19921875 0.3101851851851852
7 0.091796875 0.5590277777777778 0.18359375 0.4050925925925926
7 0.14192708333333334 0.8495370370370371 0.2838541666666667 0.30092592592592593
7 0.611328125 0.4409722222222222 0.20703125 0.3726851851851852
7 0.548828125 0.07523148148148148 0.12630208333333334 0.15046296296296297
7 0.3854166666666667 0.0775462962962963 0.16927083333333334 0.1550925925925926
6 0.6920572916666666 0.13078703703703703 0.14453125 0.26157407407407407
6 0.865234375 0.36689814814814814 0.17578125 0.40046296296296297
6 0.8157552083333334 0.7361111111111112 0.24088541666666666 0.5277777777777778
6 0.892578125 0.13425925925925927 0.12630208333333334 0.26851851851851855
4 0.3919270833333333 0.8136574074074074 0.3359375 0.3726851851851852