3 0.05481770833333333 0.24408333333333335 0.10963541666666667 0.2788981481481481
6 0.20309375 0.28321296296296294 0.26099479166666667 0.35253703703703704
3 0.19996354166666666 0.09173148148148147 0.09017708333333332 0.16865740740740742
6 0.30491145833333333 0.5031574074074073 0.35006770833333334 0.501712962962963
6 0.5633541666666667 0.5064074074074074 0.287875 0.5211481481481481
6 0.42429687499999996 0.22926851851851854 0.20140104166666667 0.3418703703703704
6 0.5442083333333334 0.09544444444444444 0.19334895833333335 0.19087962962962962
7 0.8819427083333333 0.25658333333333333 0.18976041666666665 0.3131666666666667
8 0.9100520833333333 0.0750648148148148 0.15811979166666665 0.1353148148148148
7 0.6811770833333333 0.16952777777777778 0.20066666666666666 0.26869444444444446
7 0.8092968749999999 0.7490740740740741 0.2881770833333333 0.5018518518518519
7 0.15950520833333334 0.8127314814814814 0.3190104166666667 0.37453703703703706