6 0.5185416666666667 0.6885 0.26721354166666667 0.5665092592592593
7 0.843390625 0.7527777777777778 0.239875 0.49444444444444446
6 0.30321875 0.5126481481481481 0.28977083333333337 0.5376574074074074
7 0.11272916666666667 0.5339907407407408 0.225453125 0.41721296296296295
3 0.25153125 0.25853703703703707 0.07936979166666666 0.2596388888888889
3 0.181375 0.2050648148148148 0.08775 0.2602407407407407
3 0.051270833333333335 0.27935185185185185 0.10045833333333333 0.23647222222222222
3 0.23902604166666666 0.07892592592592593 0.06971354166666667 0.1541574074074074
7 0.5350364583333334 0.102 0.18257291666666667 0.20399074074074075
6 0.6891197916666666 0.1425925925925926 0.16782291666666668 0.2851851851851852
6 0.8825625 0.20835185185185187 0.15886979166666665 0.3499537037037037