6 0.13294270833333333 0.3737407407407407 0.26588541666666665 0.3900648148148148
6 0.44591145833333334 0.33623148148148146 0.25713020833333333 0.4169074074074074
6 0.8053906249999999 0.8601851851851852 0.3116145833333333 0.2796296296296296
7 0.5374427083333334 0.7057407407407408 0.29021875 0.4707314814814815
7 0.13098958333333333 0.9099537037037037 0.26197916666666665 0.18009259259259258
7 0.8937916666666667 0.28321296296296294 0.20512499999999997 0.3710555555555556
7 0.7217812499999999 0.1477314814814815 0.18263020833333332 0.28417592592592594
3 0.20504166666666668 0.604787037037037 0.13991145833333332 0.3984722222222222
3 0.08304687499999999 0.7386018518518519 0.11046874999999999 0.3235
3 0.0990625 0.17508333333333334 0.096671875 0.1872037037037037
3 0.23199479166666667 0.07228703703703702 0.093828125 0.14457407407407405
3 0.2933125 0.16489814814814815 0.08316145833333333 0.20387037037037037
3 0.3110208333333333 0.3352962962962963 0.09982812499999999 0.24837037037037038
3 0.46166145833333333 0.07899999999999999 0.07199479166666665 0.15707407407407406