6 0.33303125 0.1482314814814815 0.21466666666666667 0.2964722222222222
3 0.25008854166666666 0.06580555555555555 0.06544791666666666 0.13160185185185186
3 0.10009895833333333 0.17901851851851852 0.07375520833333334 0.24600925925925926
3 0.21389583333333334 0.25865740740740745 0.10137499999999999 0.23862037037037034
3 0.062734375 0.41471296296296295 0.109421875 0.30071296296296296
3 0.14345833333333333 0.485787037037037 0.11464583333333334 0.2808240740740741
6 0.43797916666666664 0.7664351851851852 0.41622916666666665 0.4671296296296296
9 0.07760416666666667 0.7837962962962963 0.15520833333333334 0.4324074074074074
6 0.833515625 0.6835185185185185 0.2970364583333333 0.5559259259259259
6 0.8734791666666666 0.32975 0.2145 0.36689814814814814
6 0.908984375 0.11025925925925925 0.18203125 0.2205185185185185
7 0.6844322916666666 0.11859259259259261 0.17592708333333332 0.23719444444444446
7 0.4913489583333333 0.17046296296296296 0.1896979166666667 0.3075833333333333
7 0.6179062500000001 0.4700462962962963 0.24908854166666666 0.35305555555555557
7 0.3369375 0.45638888888888884 0.24331250000000001 0.4025925925925926