3 0.16861979166666666 0.13310185185185186 0.06901041666666667 0.2199074074074074
7 0.4459635416666667 0.2638888888888889 0.18880208333333334 0.3148148148148148
7 0.69140625 0.12268518518518519 0.140625 0.21296296296296297
7 0.3313802083333333 0.14583333333333334 0.18880208333333334 0.25
7 0.11002604166666667 0.9074074074074074 0.22005208333333334 0.18518518518518517
7 0.876953125 0.09722222222222222 0.14192708333333334 0.16203703703703703
6 0.6236979166666666 0.3472222222222222 0.203125 0.39351851851851855
6 0.2779947916666667 0.5659722222222222 0.30078125 0.4930555555555556
6 0.09700520833333333 0.4988425925925926 0.19401041666666666 0.46064814814814814
6 0.8092447916666666 0.7754629629629629 0.2721354166666667 0.44907407407407407
4 0.8671875 0.3912037037037037 0.20572916666666666 0.49537037037037035
3 0.022135416666666668 0.25810185185185186 0.044270833333333336 0.16435185185185186