4 0.81640625 0.7731481481481481 0.2630208333333333 0.4537037037037037
5 0.4654947916666667 0.8025462962962963 0.36328125 0.3912037037037037
6 0.083984375 0.5532407407407407 0.16796875 0.5277777777777778
6 0.6015625 0.38310185185185186 0.1953125 0.3819444444444444
6 0.5390625 0.09837962962962964 0.16145833333333334 0.19675925925925927
7 0.3815104166666667 0.3993055555555556 0.21875 0.33101851851851855
7 0.2981770833333333 0.18287037037037038 0.17447916666666666 0.2175925925925926
7 0.880859375 0.17592592592592593 0.14453125 0.24074074074074073
7 0.8567708333333334 0.4618055555555556 0.16666666666666666 0.33564814814814814
7 0.7109375 0.13194444444444445 0.12760416666666666 0.23148148148148148
3 0.18294270833333334 0.36689814814814814 0.05859375 0.2569444444444444
3 0.22786458333333334 0.07407407407407407 0.052083333333333336 0.14814814814814814