8 0.084765625 0.5573425925925926 0.16953125 0.5489444444444445
7 0.237984375 0.5767685185185185 0.212046875 0.3285462962962963
7 0.461921875 0.317462962962963 0.10792708333333333 0.1802962962962963
6 0.32130729166666666 0.3322777777777778 0.11831770833333333 0.19141666666666665
6 0.19032812500000001 0.3552037037037037 0.12506770833333333 0.2418888888888889
6 0.6159322916666666 0.6147407407407407 0.16103645833333333 0.3674537037037037
6 0.4173958333333333 0.5647314814814814 0.1709375 0.3600277777777778
6 0.5845677083333333 0.25333333333333335 0.09701041666666667 0.14925925925925926
6 0.2562083333333333 0.23596296296296296 0.123515625 0.12841666666666665
3 0.11064583333333333 0.23804629629629628 0.0656875 0.10942592592592593
7 0.6195885416666667 0.4054351851851852 0.11290104166666667 0.1710648148148148
1 0.8254166666666667 0.35914814814814816 0.24406770833333333 0.37478703703703703