7 0.0859375 0.5266203703703703 0.16666666666666666 0.2800925925925926
7 0.17447916666666666 0.6701388888888888 0.20572916666666666 0.2708333333333333
3 0.09440104166666667 0.31712962962962965 0.061197916666666664 0.16203703703703703
0 0.026692708333333332 0.3587962962962963 0.053385416666666664 0.17592592592592593
8 0.6263020833333334 0.38937962962962963 0.15364583333333334 0.4050925925925926
8 0.6380208333333334 0.6886574074074074 0.19270833333333334 0.2523148148148148
8 0.359375 0.6157407407407407 0.21875 0.37962962962962965
6 0.3541666666666667 0.2708333333333333 0.10677083333333333 0.1574074074074074
6 0.4485677083333333 0.5104166666666666 0.12369791666666667 0.31712962962962965
9 0.4759114583333333 0.2800925925925926 0.10026041666666667 0.2037037037037037
9 0.21158854166666666 0.2916666666666667 0.15494791666666666 0.2175925925925926