3 0.14866666666666667 0.4429444444444444 0.072984375 0.16274074074074074
3 0.14554166666666665 0.37187037037037035 0.06881770833333332 0.14558333333333331
7 0.15765625 0.6978425925925925 0.22688020833333333 0.2234722222222222
3 0.112984375 0.5790740740740741 0.06919791666666668 0.21278703703703705
3 0.03138020833333333 0.5515277777777777 0.06276041666666667 0.2086111111111111
3 0.049192708333333335 0.4357685185185185 0.05317708333333333 0.16227777777777777
7 0.28902083333333334 0.43346296296296294 0.15425000000000003 0.2595092592592592
7 0.5431666666666667 0.34224074074074073 0.13554166666666667 0.2159537037037037
7 0.36140625 0.23735185185185184 0.10322395833333334 0.12193518518518519
6 0.6228437499999999 0.24662037037037038 0.11159895833333335 0.1589722222222222
6 0.6335260416666666 0.6010833333333333 0.16836979166666666 0.3910648148148148
6 0.48573958333333334 0.22807407407407407 0.10637500000000001 0.08180555555555555
9 0.4581354166666667 0.5309351851851851 0.16158333333333333 0.41650925925925925
8 0.2521666666666667 0.24312037037037038 0.11318229166666667 0.13041666666666665