9 0.22470833333333334 0.24663888888888888 0.26464583333333336 0.4367962962962963
9 0.186328125 0.6796296296296296 0.37265625 0.6407407407407407
9 0.5715520833333334 0.4395 0.258453125 0.6141944444444445
8 0.8999114583333333 0.12044444444444445 0.17986979166666667 0.24089814814814817
7 0.8633229166666666 0.3843796296296296 0.20876562499999998 0.3465462962962963
7 0.8174947916666666 0.8150462962962963 0.2587552083333333 0.3699074074074074
7 0.6931562499999999 0.16165740740740742 0.15588020833333335 0.28073148148148147
7 0.4505989583333333 0.8520833333333333 0.2685885416666667 0.29583333333333334
3 0.3920052083333333 0.3846111111111111 0.07848958333333332 0.3423796296296296
3 0.09463541666666667 0.19546296296296295 0.08990104166666667 0.265
3 0.18863541666666667 0.08964814814814814 0.06335416666666667 0.15059259259259258
3 0.2723541666666666 0.040796296296296296 0.049567708333333335 0.08159259259259259
3 0.6833854166666666 0.7279537037037037 0.10093229166666666 0.3485