7 0.51875 0.6838796296296297 0.26458333333333334 0.5137222222222223
7 0.3849739583333333 0.10277777777777777 0.15953645833333333 0.20555555555555555
6 0.8685520833333332 0.4072222222222222 0.19543229166666667 0.46703703703703703
6 0.16767708333333334 0.7429629629629629 0.3353541666666667 0.5140740740740741
6 0.092203125 0.5728518518518518 0.18024479166666665 0.4568240740740741
6 0.7717708333333333 0.8341759259259259 0.270625 0.3242407407407408
6 0.4590052083333333 0.2515833333333333 0.21592708333333333 0.37089814814814814
4 0.6755104166666667 0.22346296296296297 0.19059895833333332 0.40123148148148147
3 0.26886458333333335 0.40842592592592597 0.079390625 0.24612037037037038
3 0.37973958333333335 0.17012962962962963 0.061557291666666666 0.2078888888888889
3 0.5935833333333334 0.14583333333333334 0.05175520833333334 0.2268611111111111