9 0.7764895833333333 0.7537037037037037 0.33035416666666667 0.4925925925925926
5 0.8630677083333332 0.23589814814814816 0.20146875 0.4384537037037037
7 0.22157812500000001 0.32708333333333334 0.24746875 0.3523148148148148
7 0.6835208333333332 0.14474074074074073 0.17775 0.2839259259259259
7 0.601484375 0.45620370370370367 0.21546354166666667 0.37907407407407406
7 0.32898958333333334 0.1248425925925926 0.22275 0.24969444444444447
7 0.420265625 0.8416666666666667 0.34488541666666667 0.31666666666666665
6 0.19088541666666667 0.6981481481481482 0.38177083333333334 0.6037037037037037
6 0.06458333333333334 0.5857685185185185 0.12916666666666668 0.5641203703703703
6 0.47481249999999997 0.1646388888888889 0.21235416666666668 0.3292777777777778
3 0.37597916666666664 0.4019351851851852 0.10821354166666668 0.3081759259259259
3 0.6154218749999999 0.06747222222222223 0.048026041666666665 0.13495370370370371