6 0.2760416666666667 0.4722222222222222 0.15104166666666666 0.2824074074074074
6 0.4049479166666667 0.6643518518518519 0.20572916666666666 0.3194444444444444
5 0.16471354166666666 0.7175925925925926 0.21744791666666666 0.2175925925925926
7 0.045572916666666664 0.6875 0.09114583333333333 0.21296296296296297
7 0.4798177083333333 0.27662037037037035 0.08723958333333333 0.1597222222222222
7 0.447265625 0.45601851851851855 0.11588541666666667 0.25
6 0.62109375 0.5185185185185185 0.13020833333333334 0.3148148148148148
6 0.6315104166666666 0.7337962962962963 0.1953125 0.1527777777777778
6 0.3541666666666667 0.27314814814814814 0.1171875 0.18518518518518517
6 0.23372395833333334 0.26851851851851855 0.13411458333333334 0.17592592592592593
6 0.11458333333333333 0.45601851851851855 0.17447916666666666 0.26851851851851855
4 0.6158854166666666 0.29398148148148145 0.10677083333333333 0.18055555555555555
3 0.10872395833333333 0.2604166666666667 0.048177083333333336 0.12731481481481483