6 0.140625 0.36342592592592593 0.171875 0.2175925925925926
6 0.4557291666666667 0.41550925925925924 0.1171875 0.2569444444444444
6 0.6100260416666666 0.4386574074074074 0.11067708333333333 0.26157407407407407
6 0.6217447916666666 0.2638888888888889 0.07942708333333333 0.16203703703703703
7 0.5 0.2337962962962963 0.08333333333333333 0.09722222222222222
7 0.134765625 0.7488425925925926 0.19401041666666666 0.11805555555555555
7 0.07291666666666667 0.6087962962962963 0.14583333333333334 0.3148148148148148
7 0.6373697916666666 0.6932870370370371 0.17057291666666666 0.22916666666666666
4 0.3756510416666667 0.6539351851851852 0.20703125 0.3125
4 0.3098958333333333 0.3449074074074074 0.140625 0.26851851851851855
3 0.043619791666666664 0.3472222222222222 0.06380208333333333 0.16666666666666666
3 0.12565104166666666 0.23148148148148148 0.05078125 0.10185185185185185
7 0.26171875 0.2326388888888889 0.11458333333333333 0.10416666666666667
7 0.37890625 0.21412037037037038 0.09895833333333333 0.05787037037037037