7 0.43874479166666663 0.4992592592592593 0.17771354166666667 0.2892592592592592
7 0.28191666666666665 0.45161111111111113 0.16290624999999997 0.2422685185185185
7 0.6245885416666667 0.49746296296296294 0.13990104166666667 0.24939814814814817
6 0.1491875 0.635962962962963 0.254546875 0.35726851851851854
6 0.06001041666666666 0.5712592592592592 0.12002604166666667 0.364462962962963
6 0.609953125 0.6839444444444445 0.16185416666666666 0.24830555555555556
8 0.32417708333333334 0.28155555555555556 0.13327083333333334 0.2079074074074074
7 0.47090624999999997 0.2599351851851852 0.12524479166666666 0.1549259259259259
6 0.6189114583333333 0.3231759259259259 0.10367708333333334 0.20008333333333334
6 0.3604010416666667 0.726712962962963 0.16328125 0.1809722222222222
3 0.20681249999999998 0.3641481481481481 0.062453125 0.17794444444444446
3 0.11853645833333333 0.35894444444444445 0.06152604166666666 0.18054629629629632
3 0.17927604166666666 0.26172222222222224 0.07909895833333333 0.16175
3 0.23215104166666667 0.28481481481481485 0.04288020833333333 0.14937962962962964