9 0.615234375 0.2951388888888889 0.12109375 0.22916666666666666
6 0.181640625 0.6400462962962963 0.21223958333333334 0.3402777777777778
6 0.4127604166666667 0.6006944444444444 0.17447916666666666 0.36342592592592593
6 0.62109375 0.4583333333333333 0.13020833333333334 0.2824074074074074
6 0.4908854166666667 0.2523148148148148 0.1015625 0.1574074074074074
6 0.33203125 0.2835648148148148 0.12760416666666666 0.20601851851851852
3 0.15755208333333334 0.39699074074074076 0.052083333333333336 0.17824074074074073
3 0.10026041666666667 0.5601851851851852 0.049479166666666664 0.25
3 0.01953125 0.5335648148148148 0.0390625 0.2013888888888889
3 0.026041666666666668 0.41087962962962965 0.052083333333333336 0.1875
3 0.07942708333333333 0.29050925925925924 0.049479166666666664 0.16435185185185186
3 0.109375 0.3761574074074074 0.049479166666666664 0.20601851851851852
3 0.228515625 0.3136574074074074 0.048177083333333336 0.17824074074074073
3 0.19140625 0.25925925925925924 0.046875 0.1527777777777778
3 0.13932291666666666 0.22916666666666666 0.036458333333333336 0.10648148148148148