3 0.34867708333333336 0.759462962962963 0.07972916666666667 0.31522222222222224
3 0.08788020833333333 0.2304537037037037 0.07631770833333333 0.23128703703703704
3 0.569171875 0.1691851851851852 0.04915625 0.20502777777777778
7 0.6371770833333333 0.2659074074074074 0.16810937499999998 0.29041666666666666
7 0.24430729166666668 0.24960185185185185 0.22820312499999998 0.28967592592592595
7 0.43633333333333335 0.8817314814814815 0.269 0.23654629629629628
6 0.4456614583333333 0.18416666666666667 0.19757291666666665 0.32425925925925925
6 0.7321666666666666 0.0962962962962963 0.15391145833333333 0.1925925925925926
6 0.8294270833333334 0.5178981481481482 0.2234375 0.4642037037037037
6 0.14010416666666667 0.7925925925925926 0.28020833333333334 0.4148148148148148
6 0.9047916666666667 0.10277777777777777 0.13666666666666666 0.20555555555555555