4 0.46484375 0.7094907407407407 0.3229166666666667 0.5810185185185185
6 0.18359375 0.7384259259259259 0.3307291666666667 0.5231481481481481
6 0.869140625 0.4618055555555556 0.19921875 0.4513888888888889
6 0.6614583333333334 0.3113425925925926 0.18489583333333334 0.36342592592592593
6 0.884765625 0.17708333333333334 0.15494791666666666 0.2847222222222222
6 0.4661458333333333 0.20949074074074073 0.16927083333333334 0.2986111111111111
6 0.039713541666666664 0.5439814814814815 0.07942708333333333 0.33796296296296297
3 0.14388020833333334 0.48148148148148145 0.05859375 0.19907407407407407
3 0.3209635416666667 0.2650462962962963 0.06380208333333333 0.2523148148148148
6 0.34375 0.1076388888888889 0.1953125 0.2152777777777778
7 0.8170572916666666 0.9166666666666666 0.23567708333333334 0.16666666666666666