3 0.19123958333333332 0.46148148148148144 0.0998125 0.3294351851851852
3 0.08304687499999999 0.577462962962963 0.12088541666666666 0.27899999999999997
3 0.19957291666666668 0.20796296296296296 0.08314583333333332 0.22517592592592592
3 0.30490104166666665 0.1047037037037037 0.07301041666666667 0.2094074074074074
3 0.16219791666666666 0.3417777777777778 0.12075 0.26133333333333336
3 0.39109374999999996 0.0972962962962963 0.0725 0.19458333333333333
3 0.04375 0.40382407407407406 0.0875 0.2743148148148148
6 0.8697031249999999 0.1723148148148148 0.16736458333333332 0.3112962962962963
6 0.4184427083333333 0.2973425925925926 0.25217708333333333 0.43171296296296297
6 0.4621927083333333 0.7398148148148148 0.3521770833333333 0.5203703703703704
6 0.8290833333333333 0.47375925925925927 0.2798489583333333 0.4419537037037037
6 0.6788177083333333 0.15416666666666667 0.2060729166666667 0.30833333333333335
6 0.7922135416666667 0.8104166666666667 0.30005729166666667 0.37916666666666665
7 0.131640625 0.8219907407407407 0.26328125 0.3560185185185185