3 0.041666666666666664 0.38310185185185186 0.049479166666666664 0.13657407407407407
6 0.15494791666666666 0.3680555555555556 0.1640625 0.24074074074074073
6 0.150390625 0.6423611111111112 0.23307291666666666 0.33101851851851855
6 0.376953125 0.6793981481481481 0.17578125 0.24768518518518517
6 0.6302083333333334 0.6932870370370371 0.16145833333333334 0.24305555555555555
6 0.6217447916666666 0.41550925925925924 0.13151041666666666 0.2569444444444444
9 0.4322916666666667 0.40046296296296297 0.18489583333333334 0.4305555555555556
7 0.2903645833333333 0.4351851851851852 0.125 0.24537037037037038
7 0.06640625 0.5960648148148148 0.125 0.30787037037037035
6 0.2513020833333333 0.24305555555555555 0.11458333333333333 0.12037037037037036
3 0.09505208333333333 0.27662037037037035 0.0546875 0.17824074074074073