3 0.20315625 0.4055925925925926 0.08964583333333334 0.32584259259259263
3 0.32653645833333333 0.19368518518518518 0.06348958333333334 0.23114814814814813
3 0.24264583333333334 0.19475 0.074875 0.21419444444444447
3 0.05259375 0.3868888888888889 0.08647916666666666 0.2589722222222222
3 0.026041666666666668 0.5803518518518518 0.052083333333333336 0.257
0 0.18638020833333335 0.11371296296296296 0.056093750000000005 0.21632407407407406
7 0.25477083333333334 0.6379537037037037 0.29462499999999997 0.431462962962963
7 0.6807968750000001 0.16850925925925928 0.15716145833333334 0.25183333333333335
7 0.49380729166666665 0.07337962962962963 0.147796875 0.14305555555555555
6 0.5810729166666667 0.42053703703703704 0.22743229166666667 0.44106481481481485
6 0.8609635416666667 0.36992592592592594 0.18651562500000002 0.37867592592592597
6 0.8073437499999999 0.774074074074074 0.2665625 0.45185185185185184
6 0.88515625 0.09907407407407408 0.14531770833333332 0.19814814814814816