6 0.4809322916666667 0.35533333333333333 0.135015625 0.2328888888888889
6 0.418046875 0.6492037037037037 0.18005208333333333 0.32989814814814816
6 0.6123020833333332 0.4594537037037037 0.17695833333333333 0.3207592592592593
5 0.3028177083333333 0.4208148148148148 0.178734375 0.2573796296296297
7 0.15530208333333334 0.4178055555555556 0.18991145833333334 0.25599074074074074
9 0.15869270833333332 0.6640185185185185 0.28209375 0.30397222222222225
7 0.6078749999999999 0.7181851851851851 0.191015625 0.21785185185185185
7 0.37755208333333334 0.24658333333333335 0.10739583333333333 0.1320648148148148
3 0.16636458333333334 0.22043518518518518 0.04539583333333333 0.12513888888888888
3 0.05101041666666666 0.36088888888888887 0.052145833333333336 0.22548148148148148
6 0.629875 0.27828703703703705 0.10795312500000001 0.17600925925925925