9 0.13619791666666667 0.41703703703703704 0.27239583333333334 0.49981481481481477
6 0.8108593749999999 0.762962962962963 0.32671875 0.4740740740740741
5 0.8540781249999999 0.32419444444444445 0.20902604166666666 0.37430555555555556
6 0.522078125 0.13249074074074074 0.19074479166666666 0.2649722222222222
6 0.7302552083333332 0.05810185185185185 0.12594270833333335 0.1162037037037037
7 0.6637135416666666 0.23569444444444446 0.17586458333333335 0.2980555555555555
7 0.36479687499999996 0.4063703703703704 0.26571354166666666 0.39052777777777775
7 0.534578125 0.6395185185185185 0.2803229166666667 0.43550925925925926
7 0.14270833333333333 0.8613425925925926 0.28541666666666665 0.2773148148148148
3 0.35919270833333333 0.1366388888888889 0.08161458333333332 0.1890277777777778
3 0.294875 0.11743518518518518 0.069625 0.2348611111111111
3 0.408796875 0.06186111111111111 0.06834375 0.12372222222222222
3 0.21883854166666666 0.1303888888888889 0.07586458333333333 0.09780555555555555