6 0.4271614583333333 0.5154259259259258 0.16546875 0.3289814814814815
6 0.3059427083333333 0.25310185185185186 0.11258854166666667 0.17194444444444443
3 0.12210416666666667 0.5186574074074074 0.06152083333333334 0.2928703703703704
3 0.022942708333333332 0.5066203703703703 0.045885416666666665 0.16875925925925925
7 0.2566041666666667 0.511712962962963 0.17221354166666666 0.2771296296296296
3 0.239671875 0.35125925925925927 0.05503125 0.14604629629629629
3 0.13304166666666667 0.34037962962962964 0.07297916666666666 0.15668518518518518
3 0.11793229166666667 0.25078703703703703 0.07388541666666668 0.13952777777777778
7 0.4716875 0.304962962962963 0.11704166666666667 0.18307407407407408
7 0.6197239583333333 0.3744166666666667 0.12566145833333334 0.22939814814814816
7 0.6134635416666666 0.22971296296296298 0.093078125 0.1297962962962963