8 0.5791041666666668 0.40944444444444444 0.2876197916666667 0.48
8 0.35360416666666666 0.8324074074074074 0.363625 0.3351851851851852
8 0.6775312499999999 0.17158333333333334 0.17409895833333333 0.3005740740740741
7 0.841328125 0.7130555555555556 0.24755729166666668 0.4761018518518519
7 0.8671041666666667 0.3173611111111111 0.211625 0.3421388888888889
6 0.5197291666666667 0.123 0.16678645833333333 0.24599074074074076
3 0.24058333333333334 0.48304629629629636 0.14175000000000001 0.3957222222222222
3 0.11077604166666667 0.3127407407407407 0.13834895833333333 0.2958611111111111
3 0.323515625 0.07765740740740741 0.061822916666666665 0.15530555555555556
3 0.386140625 0.12762037037037038 0.07458854166666667 0.25525000000000003
3 0.5766249999999999 0.8034722222222223 0.128515625 0.39305555555555555