3 0.301484375 0.46722222222222226 0.10142708333333333 0.3266203703703704
3 0.19621354166666669 0.25325 0.072390625 0.25054629629629627
3 0.10933854166666666 0.19882407407407407 0.06905208333333333 0.2935277777777778
3 0.2738802083333333 0.12501851851851853 0.062890625 0.2237037037037037
3 0.1529791666666667 0.6129351851851852 0.08594270833333333 0.2625
3 0.14875000000000002 0.47987037037037034 0.10897916666666667 0.2519166666666667
3 0.0573125 0.368 0.07056770833333334 0.26151851851851854
7 0.166203125 0.8241759259259259 0.33240625 0.3516481481481481
7 0.5064166666666667 0.19480555555555554 0.18531250000000002 0.281787037037037
6 0.6127864583333333 0.4592222222222222 0.23506770833333332 0.5106296296296297
6 0.8602083333333332 0.29898148148148146 0.19463541666666667 0.47533333333333333
6 0.6767447916666666 0.15797222222222224 0.15924479166666666 0.31593518518518515