3 0.5000729166666666 0.3647037037037037 0.094125 0.3118148148148148
3 0.23577083333333335 0.20819444444444443 0.07585416666666665 0.25805555555555554
3 0.31610416666666663 0.10377777777777777 0.074046875 0.20755555555555555
3 0.41921875 0.08525925925925926 0.06572916666666667 0.17050925925925928
3 0.26571354166666666 0.07228703703703702 0.05242708333333333 0.14457407407407405
3 0.15608854166666666 0.13619444444444445 0.08938541666666668 0.25757407407407407
7 0.3056979166666667 0.49551851851851847 0.30319270833333334 0.4391851851851852
7 0.5154427083333333 0.7242592592592593 0.32900520833333335 0.4892685185185185
7 0.6650364583333332 0.25196296296296294 0.17826041666666667 0.3409537037037037
7 0.8583802083333333 0.45128703703703704 0.21084375 0.2905462962962963
4 0.8327083333333333 0.753824074074074 0.302921875 0.4923518518518519
6 0.09908854166666667 0.5043240740740741 0.19817708333333334 0.5216111111111111
6 0.872046875 0.1688425925925926 0.17569270833333334 0.33675925925925926