7 0.45970833333333333 0.3961851851851852 0.14100000000000001 0.22662037037037036
7 0.232515625 0.5550092592592593 0.16569791666666667 0.29426851851851854
7 0.418828125 0.6251574074074073 0.16546875 0.2910555555555555
5 0.33888541666666666 0.29037962962962965 0.12222916666666667 0.20483333333333334
6 0.17666145833333333 0.32511111111111113 0.14980208333333334 0.2465092592592593
6 0.6206354166666667 0.24222222222222226 0.121234375 0.14554629629629628
6 0.634828125 0.5621851851851851 0.14753645833333331 0.3317777777777778
6 0.6169895833333333 0.3540462962962963 0.118109375 0.20716666666666667
3 0.13226041666666666 0.5198148148148148 0.06933333333333333 0.26092592592592595
3 0.07471354166666666 0.29686111111111113 0.054223958333333336 0.18075
3 0.2653229166666667 0.26861111111111113 0.048005208333333334 0.15203703703703703