6 0.17765104166666665 0.7212962962962963 0.35322395833333337 0.5574074074074075
6 0.874734375 0.18714814814814815 0.17030208333333335 0.322
6 0.7781510416666666 0.7942685185185184 0.312546875 0.4040462962962963
6 0.39998958333333334 0.8870370370370371 0.2916875 0.22592592592592592
4 0.6021614583333333 0.39416666666666667 0.244296875 0.4734074074074074
3 0.03802083333333333 0.32486111111111116 0.07604166666666666 0.2947222222222222
3 0.15546354166666668 0.13951851851851851 0.08698437499999999 0.23207407407407407
7 0.37099479166666666 0.11388888888888889 0.18156770833333333 0.22777777777777777
7 0.579828125 0.08518518518518518 0.16173958333333335 0.17037037037037037
3 0.7405364583333333 0.0712962962962963 0.060234375 0.1425925925925926
7 0.8729322916666666 0.4417314814814815 0.17503125 0.38319444444444445