3 0.11783854166666667 0.2650462962962963 0.05078125 0.13657407407407407
3 0.13541666666666666 0.4386574074074074 0.0703125 0.21064814814814814
3 0.047526041666666664 0.3726851851851852 0.055989583333333336 0.16203703703703703
7 0.052083333333333336 0.6041666666666666 0.1015625 0.30092592592592593
7 0.24739583333333334 0.23726851851851852 0.12760416666666666 0.11342592592592593
4 0.41796875 0.6006944444444444 0.17708333333333334 0.44212962962962965
6 0.23111979166666666 0.5300925925925926 0.19661458333333334 0.3611111111111111
6 0.3255208333333333 0.3229166666666667 0.12239583333333333 0.20601851851851852
6 0.4850260416666667 0.3541666666666667 0.10546875 0.25
6 0.62109375 0.4212962962962963 0.1328125 0.25925925925925924
6 0.6315104166666666 0.7372685185185185 0.19270833333333334 0.16435185185185186
6 0.6145833333333334 0.28125 0.1015625 0.1550925925925926