3 0.026822916666666665 0.36724074074074076 0.05364583333333333 0.2104074074074074
6 0.13565104166666667 0.4186388888888889 0.17193229166666668 0.26691666666666664
3 0.11702604166666666 0.2480092592592593 0.055531250000000004 0.13397222222222221
3 0.15907812500000001 0.260037037037037 0.041734375 0.06544444444444444
3 0.21753645833333335 0.23457407407407407 0.052421875 0.11637037037037037
3 0.19840104166666667 0.5253703703703704 0.07246875 0.2164722222222222
3 0.163375 0.21187962962962964 0.025333333333333333 0.061731481481481484
6 0.6237604166666666 0.6128888888888888 0.1670625 0.38226851851851856
6 0.6182916666666666 0.2892222222222222 0.12071354166666667 0.20714814814814814
6 0.15648437499999998 0.7131203703703703 0.224015625 0.18921296296296294
7 0.41049479166666664 0.6001574074074074 0.192546875 0.35216666666666663
7 0.3395364583333333 0.32672222222222225 0.13186458333333334 0.20623148148148146
7 0.48470833333333335 0.30010185185185184 0.13266666666666665 0.17797222222222223