7 0.7291666666666666 0.059027777777777776 0.12239583333333333 0.11805555555555555
7 0.15364583333333334 0.8275462962962963 0.3072916666666667 0.3449074074074074
7 0.375 0.3888888888888889 0.23177083333333334 0.4027777777777778
6 0.09505208333333333 0.5439814814814815 0.19010416666666666 0.48148148148148145
6 0.7936197916666666 0.7754629629629629 0.2565104166666667 0.44907407407407407
6 0.8736979166666666 0.33564814814814814 0.15885416666666666 0.3472222222222222
7 0.5234375 0.12037037037037036 0.171875 0.2361111111111111
6 0.8912760416666666 0.05439814814814815 0.11848958333333333 0.1087962962962963
9 0.4934895833333333 0.6689814814814815 0.3125 0.6620370370370371
3 0.3014322916666667 0.22106481481481483 0.07421875 0.24305555555555555
3 0.18880208333333334 0.2604166666666667 0.06770833333333333 0.2337962962962963
3 0.169921875 0.10185185185185185 0.06640625 0.19907407407407407
3 0.3404947916666667 0.08333333333333333 0.07942708333333333 0.16666666666666666
3 0.4251302083333333 0.07060185185185185 0.037760416666666664 0.1412037037037037