3 0.07552083333333333 0.3159722222222222 0.057291666666666664 0.17824074074074073
3 0.17057291666666666 0.48148148148148145 0.0546875 0.16666666666666666
3 0.022786458333333332 0.7326388888888888 0.045572916666666664 0.12731481481481483
3 0.15104166666666666 0.2337962962962963 0.0390625 0.125
6 0.6119791666666666 0.2650462962962963 0.1015625 0.16435185185185186
6 0.3313802083333333 0.32523148148148145 0.12630208333333334 0.2199074074074074
6 0.5989583333333334 0.6388888888888888 0.17708333333333334 0.35185185185185186
7 0.07291666666666667 0.5995370370370371 0.14583333333333334 0.2824074074074074
7 0.21028645833333334 0.6307870370370371 0.18359375 0.2847222222222222
7 0.46875 0.3368055555555556 0.11197916666666667 0.19212962962962962
7 0.17838541666666666 0.34953703703703703 0.13541666666666666 0.18981481481481483