9 0.25491145833333334 0.49551851851851847 0.20423958333333334 0.42066666666666663
6 0.43627604166666667 0.5126481481481481 0.16703125 0.35306481481481483
6 0.6107395833333332 0.5441296296296296 0.14102083333333332 0.36048148148148146
3 0.6462812499999999 0.3068148148148148 0.06213020833333334 0.16825925925925925
3 0.21909895833333334 0.3098240740740741 0.049296875000000004 0.15112037037037038
3 0.17144270833333333 0.2868981481481482 0.04809895833333333 0.15621296296296297
3 0.136421875 0.34431481481481485 0.06398958333333334 0.15993518518518518
3 0.073671875 0.5468981481481481 0.09796875 0.21787037037037038
3 0.047109375 0.42512037037037037 0.06776041666666667 0.2243148148148148
3 0.24292708333333335 0.21235185185185185 0.030291666666666665 0.09043518518518519
3 0.292921875 0.20957407407407408 0.034468750000000006 0.08487962962962962