6 0.16910416666666667 0.34270370370370373 0.1466875 0.22614814814814815
6 0.2503489583333333 0.47327777777777774 0.14669791666666668 0.2687777777777777
4 0.11666666666666667 0.6920555555555555 0.23333333333333334 0.23504629629629628
6 0.05807291666666667 0.56125 0.11614583333333334 0.23732407407407408
6 0.37 0.6837222222222222 0.20061979166666666 0.23689814814814814
7 0.42806770833333335 0.43877777777777777 0.16261458333333334 0.23775
9 0.6206302083333333 0.5330185185185184 0.16030208333333332 0.3752962962962963
4 0.6191979166666666 0.2679166666666667 0.1449375 0.18306481481481482
6 0.4754583333333333 0.26212962962962966 0.1095 0.1575925925925926
6 0.36647395833333335 0.22830555555555554 0.11263541666666667 0.08597222222222221
3 0.27260416666666665 0.22182407407407406 0.073328125 0.08041666666666666
3 0.04423958333333333 0.3658425925925926 0.04485416666666667 0.10575925925925926
3 0.21349479166666668 0.21235185185185185 0.043656249999999994 0.0719074074074074