7 0.48154687500000004 0.21255555555555555 0.17559375 0.2674722222222222
7 0.6668697916666667 0.23680555555555555 0.17332291666666666 0.30787037037037035
7 0.7334114583333334 0.08148148148148149 0.13765104166666667 0.16296296296296298
6 0.897296875 0.26575 0.17375520833333333 0.34258333333333335
6 0.8303333333333334 0.7142685185185185 0.223171875 0.5529444444444443
6 0.2869114583333333 0.5165092592592593 0.277984375 0.5003055555555556
6 0.472984375 0.7220740740740741 0.3063854166666667 0.5558518518518519
3 0.34445833333333337 0.15337037037037035 0.06808333333333333 0.24881481481481485
3 0.11452083333333334 0.4339722222222222 0.08321354166666667 0.2950277777777778
3 0.03840104166666667 0.6898148148148148 0.07680208333333334 0.4018611111111111
3 0.3228229166666667 0.09814814814814815 0.0435625 0.1962962962962963