7 0.17668229166666669 0.7678703703703703 0.34086458333333336 0.46425925925925926
6 0.5232395833333333 0.6434351851851852 0.26522395833333334 0.5094259259259258
6 0.7721874999999999 0.8222037037037038 0.30688020833333335 0.3555925925925926
6 0.8470052083333334 0.4750925925925926 0.231515625 0.44981481481481483
6 0.661625 0.23378703703703704 0.1857552083333333 0.3620648148148148
6 0.46172395833333335 0.24460185185185188 0.20261979166666666 0.3219074074074074
6 0.18613020833333332 0.2917962962962963 0.27434895833333334 0.41640740740740745
6 0.897890625 0.1958240740740741 0.15619791666666666 0.32316666666666666
3 0.76709375 0.1037037037037037 0.061265625 0.2074074074074074
3 0.34357812499999996 0.13055555555555556 0.06215625 0.2611111111111111
3 0.21010416666666665 0.06666666666666667 0.07229166666666667 0.13333333333333333