6 0.8391197916666666 0.5977962962962963 0.23032812500000002 0.5127499999999999
5 0.37777083333333333 0.4403518518518518 0.2522760416666667 0.38596296296296295
3 0.16196354166666668 0.3092685185185185 0.06930208333333333 0.2528055555555555
3 0.18224479166666668 0.22187037037037038 0.05478645833333333 0.22152777777777777
3 0.266875 0.14212962962962963 0.054796874999999995 0.2194351851851852
3 0.33240625 0.1756851851851852 0.059140624999999995 0.25876851851851856
7 0.5199739583333334 0.1215 0.15275520833333334 0.243
7 0.691296875 0.1362037037037037 0.15385937500000002 0.2724074074074074
7 0.5775833333333333 0.6518333333333334 0.23024999999999998 0.46108333333333335
4 0.8886875 0.26255555555555554 0.16793229166666668 0.4325277777777778
6 0.08528645833333333 0.5294074074074074 0.17057291666666666 0.42918518518518517
6 0.10872395833333333 0.8599537037037037 0.21744791666666666 0.2800925925925926