6 0.16666666666666666 0.7295 0.3333333333333333 0.5410092592592592
6 0.48699479166666665 0.7526481481481482 0.29910937499999996 0.4947129629629629
6 0.8448645833333334 0.6388888888888888 0.21503125 0.5
6 0.41034375 0.26058333333333333 0.209078125 0.35450000000000004
6 0.34970312499999995 0.09987037037037037 0.169640625 0.19973148148148148
6 0.8980677083333333 0.0985462962962963 0.14136979166666666 0.19444444444444445
7 0.6677812500000001 0.2698425925925926 0.158484375 0.27249074074074076
7 0.8683020833333334 0.3220925925925926 0.15476041666666665 0.2738055555555555
7 0.568078125 0.07010185185185185 0.13765104166666667 0.1375648148148148
6 0.7511145833333334 0.08068518518518518 0.15550520833333334 0.15608333333333332
7 0.06882291666666666 0.5866388888888889 0.13765104166666667 0.3637592592592593