6 0.25365624999999997 0.24177777777777779 0.22967187500000003 0.33078703703703705
5 0.4311875 0.30604629629629626 0.228015625 0.4024351851851852
6 0.08138020833333333 0.6131481481481482 0.16276041666666666 0.4855555555555555
5 0.794875 0.7877037037037037 0.29641666666666666 0.4212962962962963
6 0.9013958333333334 0.1489537037037037 0.16075 0.29791666666666666
7 0.61940625 0.4158148148148148 0.20128645833333333 0.3501388888888889
3 0.7315885416666668 0.15046296296296297 0.047239583333333335 0.23149074074074072
3 0.07914062499999999 0.2822037037037037 0.07609375 0.20792592592592593
3 0.14892708333333332 0.2507222222222222 0.051104166666666666 0.22365740740740742
3 0.1946875 0.08692592592592592 0.05072395833333333 0.1738425925925926
3 0.319984375 0.8055555555555556 0.09701562500000001 0.3888888888888889
3 0.18036458333333333 0.6931666666666667 0.0871875 0.3909722222222222