3 0.25529687500000003 0.24753703703703703 0.05503125 0.12378703703703703
3 0.17405208333333333 0.2753240740740741 0.0404375 0.10527777777777778
3 0.11338020833333333 0.2500925925925926 0.06282291666666667 0.17055555555555554
3 0.14384375 0.40124074074074073 0.07622395833333333 0.21696296296296297
3 0.057005208333333335 0.35705555555555557 0.06880208333333333 0.17150925925925925
3 0.055963541666666665 0.5036018518518518 0.09171354166666666 0.21925
3 0.184859375 0.21767592592592594 0.03705208333333333 0.06867592592592593
3 0.41491666666666666 0.3714074074074074 0.07432812500000001 0.2094814814814815
7 0.45528124999999997 0.4607777777777778 0.144640625 0.26785185185185184
7 0.48080208333333335 0.2477777777777778 0.11444270833333332 0.1381388888888889
6 0.6257083333333333 0.304962962962963 0.10847395833333334 0.18307407407407408
6 0.6272760416666666 0.4878611111111111 0.15743229166666667 0.2247962962962963
6 0.636390625 0.7022407407407407 0.16524479166666667 0.21837962962962962
6 0.31232812499999996 0.3265 0.14409895833333333 0.24002777777777778
6 0.22911458333333332 0.5834351851851852 0.23895833333333333 0.3294259259259259