9 0.4725989583333333 0.2795 0.10220312499999999 0.19695370370370371
9 0.34396354166666665 0.2732407407407408 0.13030208333333335 0.17982407407407408
6 0.22430208333333335 0.2612037037037037 0.14859895833333334 0.15574074074074074
6 0.1771875 0.6355833333333333 0.252921875 0.3628240740740741
6 0.6038385416666666 0.4658703703703704 0.13138541666666667 0.2873055555555556
6 0.6195885416666667 0.2961666666666667 0.102484375 0.1747314814814815
7 0.632484375 0.6883518518518518 0.15743229166666667 0.24615740740740744
5 0.435234375 0.5293148148148148 0.18994791666666666 0.3864074074074074
5 0.104921875 0.44619444444444445 0.2021302083333333 0.2896111111111111
7 0.272875 0.42789814814814814 0.16309895833333332 0.24839814814814812
3 0.06598958333333334 0.31422222222222224 0.07427083333333333 0.14602777777777778