7 0.4483125 0.42676851851851855 0.12836979166666668 0.22795370370370371
7 0.6236510416666667 0.26234259259259257 0.09730208333333333 0.09753703703703705
6 0.23877083333333332 0.51575 0.17453645833333334 0.3203888888888889
6 0.4023541666666667 0.6430092592592593 0.1682135416666667 0.34157407407407403
6 0.4886510416666667 0.25175925925925924 0.09188020833333334 0.1335185185185185
6 0.24142708333333335 0.26002777777777775 0.1275625 0.15032407407407408
3 0.160859375 0.4390555555555556 0.075890625 0.22558333333333333
3 0.041005208333333334 0.580787037037037 0.07632291666666666 0.22453703703703703
3 0.13678645833333333 0.24467592592592594 0.04440104166666667 0.12175925925925926
4 0.36851562499999996 0.2548611111111111 0.10786458333333333 0.13842592592592592
9 0.6217968749999999 0.46517592592592594 0.13317708333333333 0.36965740740740743