6 0.4481875 0.4805833333333333 0.13596354166666666 0.29067592592592595
6 0.16663541666666667 0.6785833333333333 0.208390625 0.2645648148148148
6 0.08309375 0.535962962962963 0.1588125 0.35712037037037037
6 0.6234322916666667 0.392712962962963 0.11353125 0.23308333333333334
6 0.6316822916666667 0.7016666666666667 0.15086979166666667 0.2144351851851852
7 0.305796875 0.4035092592592593 0.13658854166666667 0.20410185185185187
6 0.37225520833333337 0.2120462962962963 0.10284895833333334 0.061092592592592594
6 0.48669270833333333 0.2135925925925926 0.08380729166666666 0.06169444444444444
9 0.6134010416666666 0.2495648148148148 0.09347395833333333 0.13420370370370371
3 0.22259375 0.38760185185185186 0.04309895833333333 0.14702777777777776
3 0.20189583333333333 0.31756481481481486 0.04546354166666667 0.16115740740740742
3 0.15959375 0.2984907407407407 0.0379375 0.15857407407407406
3 0.2736822916666667 0.5461851851851852 0.056802083333333336 0.2224537037037037