6 0.36740625 0.3742037037037037 0.26050520833333335 0.47434259259259254
6 0.5659531250000001 0.477 0.23058854166666667 0.47622222222222227
6 0.139453125 0.7965277777777777 0.27890625 0.40694444444444444
6 0.35490104166666664 0.09544444444444444 0.17092708333333334 0.19087962962962962
6 0.7535677083333333 0.06950925925925926 0.17046875 0.13900925925925925
7 0.8831145833333333 0.1605 0.16919270833333336 0.19043518518518518
9 0.513875 0.12600925925925927 0.18891666666666668 0.25200925925925927
8 0.7987552083333332 0.6101851851851852 0.40248958333333335 0.7796296296296297
3 0.189546875 0.43971296296296297 0.09017708333333332 0.29516666666666663
3 0.16897916666666665 0.11928703703703705 0.10527604166666667 0.2283888888888889
3 0.117546875 0.3871574074074074 0.09615104166666667 0.2595
3 0.07275000000000001 0.5568148148148149 0.11633854166666667 0.3317407407407407