7 0.6021562500000001 0.4963518518518518 0.20974479166666665 0.3769722222222222
7 0.88309375 0.13551851851851854 0.133375 0.25211111111111106
3 0.12074479166666667 0.3491851851851852 0.08142708333333333 0.2770740740740741
3 0.15598958333333332 0.13630555555555557 0.0734375 0.20778703703703702
3 0.25125520833333337 0.17925 0.057390625 0.2149814814814815
3 0.34902083333333334 0.13741666666666666 0.05977604166666666 0.17298148148148149
6 0.4984635416666666 0.12962962962962962 0.17401041666666667 0.25925925925925924
6 0.2835989583333333 0.46073148148148146 0.2739479166666667 0.4585092592592593
6 0.8402604166666666 0.5497962962962962 0.2221875 0.4652222222222222
6 0.4082239583333333 0.8379629629629629 0.31115624999999997 0.32407407407407407
6 0.044921875 0.9340277777777778 0.08984375 0.13194444444444445
9 0.7157187500000001 0.09375 0.1501875 0.1875