1 0.05872395833333333 0.5818796296296296 0.11744791666666667 0.4591203703703704
6 0.17184375 0.34478703703703706 0.14641666666666667 0.2071574074074074
6 0.17783854166666666 0.676324074074074 0.24380729166666668 0.27763888888888894
6 0.46843229166666667 0.41424074074074074 0.13136458333333334 0.2905277777777778
6 0.6210208333333332 0.2628240740740741 0.08659895833333334 0.1636111111111111
6 0.26818749999999997 0.22762962962962963 0.0995625 0.11174074074074075
8 0.3686979166666667 0.23712037037037034 0.096453125 0.10757407407407409
8 0.6287083333333333 0.6066388888888888 0.224875 0.40217592592592594
7 0.6124322916666666 0.39525 0.10899479166666667 0.11364814814814814
7 0.3003489583333333 0.4186388888888889 0.15763541666666667 0.22987037037037036
3 0.12470833333333334 0.2505555555555556 0.058395833333333334 0.1251759259259259
3 0.18108333333333335 0.2060925925925926 0.03783333333333334 0.05477777777777777
3 0.5452447916666666 0.20353703703703704 0.017046875 0.047546296296296295