7 0.3155833333333333 0.3623796296296296 0.14019270833333333 0.2053148148148148
6 0.36440104166666665 0.22855555555555557 0.10244270833333333 0.09507407407407407
6 0.21480729166666668 0.28158333333333335 0.14903125 0.19649074074074074
6 0.46947395833333333 0.25194444444444447 0.12928125 0.15574074074074074
6 0.43328125 0.4642037037037037 0.14438020833333332 0.3688148148148148
6 0.6395 0.6622037037037036 0.18472916666666667 0.3095833333333334
9 0.20048958333333333 0.5885833333333333 0.266203125 0.3938333333333333
8 0.6194635416666666 0.3348333333333333 0.12097395833333334 0.29374074074074075
3 0.04841145833333334 0.34432407407407406 0.08077604166666667 0.19697222222222222
3 0.12900520833333334 0.26583333333333337 0.07323958333333333 0.16499999999999998
3 0.28928125 0.707574074074074 0.08342187499999999 0.21513888888888888