9 0.21051041666666667 0.6047592592592592 0.23575 0.42618518518518517
6 0.42390625 0.5071203703703704 0.181359375 0.33275925925925925
6 0.6272760416666666 0.5411296296296296 0.17565624999999999 0.4053981481481481
6 0.6143854166666666 0.2831296296296296 0.12070833333333333 0.23663888888888887
6 0.187203125 0.29238888888888886 0.139140625 0.23662962962962963
7 0.32677604166666663 0.331037037037037 0.130828125 0.20744444444444443
7 0.46556770833333333 0.3143796296296296 0.12928125 0.17413888888888887
7 0.371953125 0.7163425925925926 0.194109375 0.17712037037037037
3 0.08616145833333334 0.30882407407407403 0.05996354166666666 0.20005555555555557
3 0.15308333333333335 0.45346296296296296 0.045911458333333335 0.16987962962962963
3 0.023567708333333333 0.5145555555555555 0.047135416666666666 0.12541666666666665