3 0.16181770833333334 0.47026851851851853 0.08053645833333332 0.18960185185185185
4 0.022265625 0.633037037037037 0.04453125 0.339212962962963
3 0.03211979166666667 0.4589259259259259 0.05867708333333333 0.17617592592592593
3 0.03658854166666667 0.39640740740740743 0.07317708333333334 0.18541666666666667
3 0.13419270833333333 0.3297314814814815 0.04203125 0.16780555555555554
3 0.14163541666666665 0.22508333333333333 0.05058854166666667 0.10201851851851852
6 0.2999375 0.38299074074074074 0.150640625 0.26505555555555554
3 0.24420833333333333 0.26722222222222225 0.03293229166666666 0.16315740740740742
3 0.184453125 0.34755555555555556 0.061307291666666666 0.12474999999999999
3 0.27467708333333335 0.22855555555555557 0.050124999999999996 0.09970370370370371
4 0.36021875 0.2255462962962963 0.08997916666666667 0.09831481481481483
4 0.40747395833333333 0.5420648148148147 0.18003125 0.4729814814814815
6 0.6116354166666667 0.6179907407407407 0.16788020833333334 0.40635185185185185
7 0.47075520833333334 0.3420092592592593 0.12150520833333332 0.18772222222222223
7 0.6195729166666666 0.3366851851851852 0.1337708333333333 0.228