6 0.1953125 0.28637962962962965 0.24181770833333335 0.33994444444444444
6 0.8482135416666666 0.4583333333333333 0.20238020833333334 0.4404722222222222
1 0.3526770833333333 0.5469537037037038 0.6636927083333333 0.9060833333333334
7 0.055802083333333335 0.6276481481481482 0.111609375 0.27116666666666667
7 0.7041979166666666 0.13823148148148148 0.11458333333333333 0.22883333333333333
7 0.8031979166666667 0.8935185185185185 0.234375 0.21296296296296297
6 0.8969479166666667 0.17394444444444446 0.14806770833333335 0.29232407407407407
6 0.41331770833333337 0.21428703703703705 0.16890104166666667 0.2910092592592593
7 0.5457604166666666 0.04827777777777778 0.13616145833333335 0.09656481481481483
3 0.34858854166666664 0.15212037037037035 0.040921874999999996 0.2301574074074074
3 0.2808802083333333 0.08730555555555557 0.05878125 0.11639814814814814
3 0.21205208333333334 0.061509259259259264 0.05952604166666667 0.12301851851851853