7 0.28493229166666667 0.21721296296296297 0.09277604166666667 0.06187037037037037
7 0.4648333333333333 0.35666666666666663 0.10574479166666667 0.19408333333333336
7 0.6303593749999999 0.2716851851851852 0.08511458333333333 0.14551851851851852
6 0.07623958333333333 0.5761666666666666 0.14544270833333334 0.35508333333333336
6 0.1525885416666667 0.3419537037037037 0.15732291666666667 0.20127777777777778
5 0.27039583333333334 0.46649999999999997 0.175875 0.30403703703703705
6 0.4217708333333333 0.5476574074074074 0.15229166666666666 0.3491388888888889
6 0.6396354166666666 0.6593981481481481 0.160515625 0.2965740740740741
6 0.6188020833333333 0.4215833333333333 0.12489583333333334 0.2864537037037037
6 0.4886302083333333 0.23103703703703704 0.08315104166666668 0.09348148148148147
6 0.36709895833333334 0.2589259259259259 0.11579687500000001 0.15252777777777776