7 0.4751614583333333 0.3723148148148148 0.13758854166666667 0.21425
7 0.6239010416666667 0.45862037037037034 0.14011458333333332 0.2609537037037037
6 0.20289583333333333 0.2993425925925926 0.13629166666666667 0.22386111111111112
6 0.31923958333333335 0.3282314814814815 0.13902083333333334 0.23720370370370372
6 0.3839270833333333 0.7188425925925926 0.21173437499999997 0.18508333333333332
6 0.6172291666666666 0.25653703703703706 0.10487500000000001 0.14692592592592593
6 0.6218229166666667 0.6927407407407407 0.1859375 0.25510185185185186
6 0.21613020833333335 0.6205092592592593 0.19941145833333335 0.36991666666666667
7 0.0490625 0.6842222222222223 0.098125 0.2573240740740741
3 0.3422604166666667 0.5703055555555555 0.07840104166666667 0.1806111111111111
3 0.03801041666666667 0.43695370370370373 0.059807291666666665 0.21021296296296296
3 0.02666666666666667 0.36157407407407405 0.05333333333333334 0.15944444444444444