6 0.2610677083333333 0.23032407407407407 0.12369791666666667 0.12268518518518519
7 0.6328125 0.33449074074074076 0.09895833333333333 0.2152777777777778
7 0.4700520833333333 0.38425925925925924 0.1015625 0.21296296296296297
7 0.3151041666666667 0.3912037037037037 0.11979166666666667 0.22685185185185186
3 0.11002604166666667 0.2488425925925926 0.053385416666666664 0.13194444444444445
8 0.017578125 0.4074074074074074 0.03515625 0.2175925925925926
6 0.095703125 0.47800925925925924 0.17057291666666666 0.28935185185185186
6 0.21744791666666666 0.6192129629629629 0.203125 0.3773148148148148
6 0.4108072916666667 0.6516203703703703 0.17317708333333334 0.32175925925925924
7 0.6217447916666666 0.7303240740740741 0.14973958333333334 0.16898148148148148
7 0.623046875 0.5173611111111112 0.12630208333333334 0.24305555555555555