9 0.0984375 0.5267777777777778 0.196875 0.5248518518518519
3 0.030078125 0.23642592592592593 0.06015625 0.12008333333333333
6 0.400734375 0.36957407407407405 0.28758854166666664 0.48360185185185184
7 0.262984375 0.2982592592592593 0.20371875 0.3594814814814815
3 0.3039895833333333 0.08733333333333333 0.06702083333333334 0.1552222222222222
3 0.27221875 0.05462962962962963 0.05693229166666667 0.10925925925925926
6 0.143359375 0.8104166666666667 0.28671875 0.37916666666666665
7 0.7828697916666666 0.8324074074074074 0.32280729166666666 0.3351851851851852
7 0.6885989583333333 0.16212962962962962 0.17801041666666664 0.3094351851851852
7 0.9034218749999999 0.2051851851851852 0.15981770833333334 0.2751851851851852
6 0.5374375 0.10285185185185185 0.16522916666666668 0.2057037037037037
4 0.8275 0.4244444444444444 0.25864583333333335 0.4590740740740741