7 0.22210416666666666 0.6779537037037038 0.30109895833333333 0.4707222222222222
7 0.428859375 0.8925925925925926 0.31467708333333333 0.21481481481481482
7 0.8756927083333333 0.36539814814814814 0.24392187499999998 0.37339814814814815
4 0.6012187499999999 0.3924259259259259 0.2592083333333333 0.5216388888888889
9 0.7083906249999999 0.12044444444444445 0.19051562500000002 0.24089814814814817
9 0.27821874999999996 0.1723148148148148 0.280015625 0.3446296296296296
6 0.4235208333333333 0.2350648148148148 0.27066666666666667 0.4228981481481482
6 0.8982135416666667 0.10562962962962963 0.15981770833333334 0.21125925925925926
6 0.8366354166666666 0.7236111111111111 0.26995312499999996 0.5527777777777778
3 0.08382812499999999 0.24176851851851852 0.09328125 0.2650092592592592
3 0.19396875 0.08125 0.059291666666666666 0.1625