6 0.6348385416666668 0.3102962962962963 0.21805208333333334 0.41647222222222224
6 0.3711614583333333 0.3443703703703704 0.2537447916666667 0.47350925925925924
6 0.11932812500000001 0.43925 0.23865625000000001 0.4780925925925926
6 0.799953125 0.7130648148148149 0.331578125 0.5738703703703704
6 0.8838177083333334 0.37049074074074073 0.19926041666666666 0.38501851851851854
6 0.8618281250000001 0.14160185185185187 0.15157291666666667 0.28278703703703706
6 0.543515625 0.10773148148148147 0.163203125 0.21546296296296294
3 0.3722083333333333 0.08466666666666667 0.0558125 0.143
3 0.301890625 0.20148148148148148 0.06519791666666667 0.20255555555555554
3 0.23452604166666668 0.1753425925925926 0.058265625 0.20212037037037037
3 0.11605208333333333 0.1545462962962963 0.080625 0.16794444444444445
3 0.22538020833333333 0.06902777777777777 0.06405208333333333 0.1380462962962963
3 0.28765625 0.07365740740740741 0.06450520833333333 0.13208333333333333
3 0.4472760416666667 0.05913888888888889 0.04109895833333333 0.11827777777777777
3 0.35027604166666665 0.05996296296296297 0.043432291666666664 0.11992592592592594