9 0.15247395833333333 0.39898148148148144 0.30494791666666665 0.5285185185185185
6 0.3648020833333333 0.37999074074074074 0.25529687500000003 0.4072037037037037
9 0.6359999999999999 0.3142407407407407 0.199875 0.4053333333333333
6 0.8674947916666667 0.5006203703703703 0.265015625 0.5697592592592593
6 0.10625 0.8844907407407407 0.2125 0.2310185185185185
6 0.37988541666666664 0.06851851851851852 0.17070833333333332 0.13703703703703704
6 0.5397708333333333 0.07199074074074074 0.15714062499999998 0.1439814814814815
6 0.8877864583333334 0.09398148148148149 0.13182812500000002 0.18796296296296297
3 0.335109375 0.15771296296296297 0.07509895833333333 0.1663611111111111
3 0.05091145833333333 0.19499074074074074 0.10182291666666667 0.1436851851851852
3 0.2601145833333333 0.1188148148148148 0.06883333333333333 0.10708333333333334
4 0.4422760416666666 0.7444444444444445 0.3894114583333333 0.5111111111111111