3 0.15476041666666665 0.27182407407407405 0.07886979166666667 0.25528703703703703
3 0.23065625 0.4133611111111111 0.05505729166666666 0.22089814814814815
3 0.03571354166666666 0.27447222222222223 0.07142708333333332 0.23148148148148148
7 0.6328125 0.3895462962962963 0.18080208333333334 0.32407407407407407
7 0.30096875 0.5793611111111111 0.2671145833333333 0.39417592592592593
7 0.8839270833333334 0.11772222222222223 0.138390625 0.2301574074074074
7 0.7124270833333333 0.10383333333333333 0.13913541666666665 0.20502777777777778
6 0.43824479166666663 0.8511944444444444 0.3020833333333333 0.29762037037037037
6 0.06956770833333333 0.556212962962963 0.13913541666666665 0.390212962962963
6 0.5081822916666667 0.12698148148148147 0.18452604166666667 0.2486759259259259
6 0.34970312499999995 0.10250925925925926 0.200890625 0.19444444444444445