6 0.11846354166666666 0.40475925925925926 0.20630208333333336 0.33173148148148146
6 0.3172760416666666 0.3021851851851852 0.13941145833333335 0.21455555555555555
6 0.48054166666666664 0.2841296296296296 0.10975520833333333 0.20621296296296296
6 0.616859375 0.4480462962962963 0.14701041666666667 0.2933148148148148
6 0.6419843749999999 0.6746944444444444 0.15144270833333331 0.2697685185185185
7 0.4466927083333333 0.5214351851851852 0.15661979166666665 0.3058425925925926
7 0.2709270833333333 0.5144907407407407 0.18002604166666666 0.33825
3 0.28341666666666665 0.22600925925925927 0.04286979166666667 0.08535185185185186
3 0.240578125 0.21349074074074073 0.03272395833333333 0.06004629629629629
3 0.13525520833333332 0.2366574074074074 0.03991145833333333 0.0973888888888889
3 0.06494791666666667 0.32116666666666666 0.05552083333333333 0.15066666666666667