7 0.47106250000000005 0.4634166666666667 0.12336979166666667 0.22871296296296295
7 0.3572135416666667 0.30521296296296296 0.10818229166666667 0.1710648148148148
7 0.234828125 0.5688611111111112 0.16756770833333334 0.2733981481481481
7 0.23140625 0.28020370370370373 0.1059375 0.1507037037037037
7 0.02384375 0.6260555555555556 0.043520833333333335 0.28174074074074074
6 0.13338541666666667 0.38860185185185186 0.16259895833333332 0.24872222222222223
6 0.4736197916666667 0.27805555555555556 0.10348958333333333 0.18832407407407406
6 0.6249791666666666 0.3022222222222222 0.10203645833333333 0.22149074074074074
6 0.646640625 0.5905740740740741 0.15578125 0.32995370370370375
3 0.26090104166666667 0.3468981481481481 0.046802083333333334 0.17657407407407405
3 0.05422916666666667 0.3687037037037037 0.05636979166666667 0.1662962962962963
3 0.11166666666666666 0.2551111111111111 0.050416666666666665 0.13051851851851853
1 0.7667552083333333 0.23217592592592592 0.13350520833333332 0.09860185185185184