7 0.34188541666666666 0.45546296296296296 0.25945833333333335 0.40074074074074073
7 0.67440625 0.20842592592592593 0.19336979166666665 0.3279722222222222
7 0.7879166666666666 0.8949074074074074 0.26280729166666666 0.2101851851851852
7 0.8642135416666666 0.436 0.21228125 0.35255555555555557
3 0.07419270833333333 0.20100925925925925 0.10734375 0.20202777777777778
3 0.22261458333333334 0.08617592592592592 0.07091145833333333 0.17235185185185184
6 0.11341145833333334 0.4735277777777778 0.22682291666666668 0.42760185185185184
6 0.15963541666666667 0.8034722222222223 0.31927083333333334 0.39305555555555555
6 0.5481197916666667 0.6057314814814815 0.30532291666666667 0.5855370370370371
6 0.32808333333333334 0.13364814814814815 0.19852083333333334 0.26637037037037037
6 0.8944427083333333 0.15147222222222223 0.164765625 0.29739814814814813
6 0.5340520833333334 0.12322222222222223 0.18136979166666667 0.24645370370370373
3 0.46217708333333335 0.04537037037037037 0.054036458333333336 0.09074074074074075