6 0.6640625 0.23478703703703704 0.171875 0.30026851851851855
6 0.8753697916666667 0.23809259259259258 0.165921875 0.37037037037037035
3 0.29390104166666664 0.22089814814814815 0.080359375 0.2777777777777778
3 0.19680208333333335 0.5615092592592592 0.10044791666666668 0.3743425925925926
3 0.19605729166666666 0.10846296296296297 0.06770833333333333 0.21693518518518518
3 0.13802083333333334 0.43716666666666665 0.10640104166666667 0.31084259259259256
3 0.045385416666666664 0.8306851851851852 0.09077604166666667 0.32010185185185186
3 0.023067708333333332 0.3088611111111111 0.04613020833333333 0.244712962962963
7 0.048364583333333336 0.6428611111111111 0.09672395833333333 0.2513240740740741
7 0.5234375 0.7658703703703703 0.2671145833333333 0.46561111111111114
7 0.40699479166666663 0.10250925925925926 0.162203125 0.20502777777777778
7 0.806921875 0.8822777777777778 0.24479166666666666 0.2354537037037037