7 0.39019791666666664 0.7108703703703704 0.17585416666666667 0.20322222222222222
7 0.15824999999999997 0.7092777777777778 0.2085 0.20744444444444443
7 0.35711979166666663 0.2996759259259259 0.09409895833333333 0.1636111111111111
7 0.6275104166666666 0.3825555555555556 0.10539583333333334 0.20155555555555557
7 0.146890625 0.3764166666666666 0.14997395833333332 0.2175462962962963
6 0.2431458333333333 0.2361851851851852 0.11786979166666667 0.10169444444444445
6 0.07538541666666668 0.5672222222222223 0.14297916666666666 0.36036111111111113
6 0.469796875 0.38575925925925925 0.131265625 0.2655185185185185
6 0.619140625 0.616574074074074 0.15286458333333333 0.37796296296296295
4 0.2909479166666667 0.40235185185185185 0.149359375 0.2878888888888889
3 0.14559895833333333 0.22461111111111112 0.04421875 0.08411111111111111
3 0.4131666666666666 0.22885185185185186 0.03825 0.08674074074074074