6 0.19280729166666666 0.3137592592592593 0.14876562499999998 0.2284537037037037
6 0.07890625 0.5883518518518518 0.1578125 0.3794814814814815
6 0.23329687500000001 0.6075648148148147 0.21100520833333333 0.36698148148148146
6 0.6425052083333332 0.7029444444444444 0.16081770833333334 0.2429166666666667
6 0.6350833333333333 0.2841296296296296 0.11680729166666667 0.18769444444444444
7 0.43484375 0.6353425925925925 0.1725 0.3114259259259259
7 0.32898958333333334 0.3503425925925926 0.1211875 0.19974999999999998
7 0.45593229166666666 0.4184074074074074 0.13552604166666665 0.2155185185185185
7 0.6194583333333333 0.4753611111111111 0.11680729166666667 0.23868518518518517
3 0.037890625 0.3521944444444444 0.07578125 0.18493518518518517
3 0.297609375 0.23225925925925925 0.03551041666666667 0.10248148148148149
3 0.11468229166666667 0.26375000000000004 0.055010416666666666 0.14694444444444443