7 0.14518229166666666 0.8530092592592593 0.28515625 0.29398148148148145
7 0.06510416666666667 0.6261574074074074 0.13020833333333334 0.3819444444444444
7 0.5553385416666666 0.5057870370370371 0.21744791666666666 0.3819444444444444
7 0.6529947916666666 0.16782407407407407 0.14453125 0.2708333333333333
7 0.8444010416666666 0.6365740740740741 0.18880208333333334 0.4305555555555556
6 0.7643229166666666 0.8831018518518519 0.2526041666666667 0.2337962962962963
6 0.8821614583333334 0.22453703703703703 0.14713541666666666 0.3333333333333333
6 0.3977864583333333 0.30092592592592593 0.21744791666666666 0.375
3 0.15364583333333334 0.17939814814814814 0.0703125 0.23842592592592593
3 0.024739583333333332 0.33101851851851855 0.049479166666666664 0.26851851851851855
7 0.287109375 0.17476851851851852 0.17057291666666666 0.24768518518518517
6 0.5436197916666666 0.08333333333333333 0.15755208333333334 0.16666666666666666
7 0.41015625 0.05092592592592592 0.13802083333333334 0.10185185185185185