6 0.3958333333333333 0.7060185185185185 0.19270833333333334 0.19907407407407407
6 0.059895833333333336 0.625 0.11979166666666667 0.3425925925925926
6 0.6165364583333334 0.3773148148148148 0.10546875 0.25925925925925924
6 0.443359375 0.3993055555555556 0.13411458333333334 0.24768518518518517
3 0.4889322916666667 0.6111111111111112 0.061197916666666664 0.20833333333333334
3 0.22526041666666666 0.3680555555555556 0.046875 0.18981481481481483
3 0.18424479166666666 0.5185185185185185 0.05859375 0.19907407407407407
3 0.13151041666666666 0.38425925925925924 0.052083333333333336 0.18518518518518517
3 0.080078125 0.2986111111111111 0.05859375 0.16666666666666666
3 0.018880208333333332 0.40046296296296297 0.037760416666666664 0.13425925925925927
6 0.3587239583333333 0.25462962962962965 0.10286458333333333 0.1388888888888889
7 0.16080729166666666 0.7129629629629629 0.21223958333333334 0.19907407407407407
9 0.6334635416666666 0.6643518518518519 0.18098958333333334 0.2962962962962963