7 0.4377864583333333 0.6239907407407407 0.14848958333333334 0.29276851851851854
7 0.31791145833333334 0.3424537037037037 0.11707291666666667 0.18917592592592594
7 0.4933020833333333 0.31702777777777774 0.09493229166666667 0.17705555555555555
7 0.38093229166666664 0.24539814814814812 0.08605208333333333 0.12031481481481482
7 0.23795312500000002 0.2789537037037037 0.09909375 0.1532037037037037
7 0.026213541666666666 0.5836481481481481 0.046177083333333334 0.25619444444444445
6 0.6220312499999999 0.27205555555555555 0.09197916666666667 0.17440740740740743
6 0.641296875 0.5339166666666667 0.14300520833333333 0.29883333333333334
6 0.4865625 0.22011111111111112 0.079375 0.06718518518518518
6 0.18596354166666668 0.6746574074074074 0.21973958333333332 0.2678333333333333
6 0.13340104166666666 0.3913981481481481 0.16653125 0.2505277777777778
3 0.03436979166666666 0.3702314814814815 0.05415625 0.18546296296296297
3 0.09690104166666667 0.2589074074074074 0.04380208333333333 0.14144444444444443
3 0.15843749999999998 0.2247962962962963 0.03979166666666667 0.08373148148148149