6 0.34895312500000003 0.41898148148148145 0.243734375 0.41388888888888886
6 0.8710520833333334 0.17377777777777778 0.15668229166666667 0.29688888888888887
6 0.850703125 0.4818796296296296 0.18890625 0.3806851851851852
6 0.7826354166666667 0.8052777777777779 0.286109375 0.3894444444444445
6 0.5287552083333333 0.14907407407407408 0.17000520833333335 0.29814814814814816
7 0.22538541666666667 0.2707407407407407 0.221609375 0.2696296296296296
7 0.15236458333333333 0.8340648148148148 0.30472916666666666 0.33187037037037037
9 0.39877083333333335 0.7745000000000001 0.37879166666666664 0.4510092592592592
9 0.638046875 0.28114814814814815 0.205265625 0.4265833333333333
9 0.40979687499999995 0.07407407407407407 0.17376041666666667 0.14814814814814814
3 0.15908854166666667 0.13747222222222222 0.06817708333333333 0.21764814814814815
3 0.16725 0.5015277777777778 0.08698437499999999 0.34467592592592594