3 0.05743229166666666 0.3115925925925926 0.06902604166666666 0.25828703703703704
3 0.11272395833333333 0.16558333333333333 0.06711458333333334 0.2614259259259259
3 0.276359375 0.10552777777777778 0.06938541666666667 0.16672222222222222
3 0.367875 0.16608333333333333 0.06075 0.22339814814814815
7 0.4458854166666667 0.2501759259259259 0.18968749999999998 0.28853703703703704
7 0.20681770833333332 0.31835185185185183 0.23655208333333333 0.3077314814814815
7 0.6310885416666667 0.33873148148148147 0.19133854166666667 0.3188425925925926
6 0.8451302083333334 0.5555740740740741 0.22359375 0.44440740740740736
7 0.46053645833333334 0.8365462962962963 0.30648958333333337 0.32691666666666663
7 0.21486458333333333 0.7601296296296297 0.34639583333333335 0.47975
6 0.9068437500000001 0.10925925925925926 0.15118229166666666 0.21851851851851853
7 0.43216666666666664 0.05185185185185185 0.14766666666666667 0.1037037037037037