6 0.19280729166666666 0.2862222222222222 0.26333854166666665 0.39096296296296296
6 0.36115624999999996 0.32905555555555555 0.252171875 0.4349722222222222
6 0.9079791666666667 0.15657407407407406 0.15852083333333333 0.3131388888888889
6 0.855625 0.5630462962962963 0.26280729166666666 0.5183425925925925
6 0.7406614583333333 0.11018518518518519 0.16570312499999998 0.22037037037037038
6 0.5379479166666666 0.09402777777777778 0.16911979166666666 0.18787962962962962
6 0.808515625 0.887962962962963 0.28453124999999996 0.22407407407407406
6 0.5890000000000001 0.43624999999999997 0.24960416666666668 0.41324074074074074
3 0.3220885416666667 0.08918518518518517 0.08030208333333334 0.15892592592592591
3 0.135125 0.17114814814814816 0.08964583333333334 0.221
7 0.13684895833333333 0.8648148148148148 0.27369791666666665 0.27037037037037037
7 0.44396354166666663 0.8787037037037037 0.3365520833333333 0.24259259259259258