3 0.38940104166666667 0.3834537037037037 0.11494791666666666 0.2520833333333333
3 0.2776927083333333 0.3820648148148148 0.07274479166666666 0.24004629629629629
3 0.19449479166666667 0.09080555555555556 0.06673958333333332 0.17791666666666667
3 0.121453125 0.19637962962962963 0.07271875 0.21128703703703702
3 0.024869791666666665 0.3295092592592593 0.04973958333333333 0.24605555555555556
7 0.13359375 0.4211944444444444 0.2671875 0.3738796296296297
7 0.2528229166666667 0.6962407407407408 0.3360208333333333 0.44249074074074074
7 0.5941979166666667 0.5209814814814815 0.21056770833333335 0.4114074074074074
9 0.31505208333333334 0.14105555555555555 0.23760416666666667 0.2821111111111111
9 0.5061822916666666 0.15310185185185185 0.20951041666666667 0.30619444444444444
4 0.3713020833333333 0.89375 0.37509895833333334 0.2125
7 0.8223020833333333 0.7618055555555555 0.2751822916666667 0.47638888888888886
7 0.8545885416666666 0.36980555555555555 0.18977604166666667 0.37293518518518515
4 0.7087708333333332 0.1623611111111111 0.18975520833333331 0.3247222222222222