6 0.29873437500000005 0.4398148148148148 0.13765104166666667 0.25528703703703703
6 0.16778125 0.692462962962963 0.23288541666666665 0.23412962962962963
7 0.4401041666666667 0.5833333333333334 0.14508854166666665 0.2751296296296296
7 0.6264895833333333 0.6428611111111111 0.14732291666666666 0.3015833333333333
7 0.6313229166666667 0.3862407407407407 0.10640104166666667 0.20899074074074075
7 0.36160937499999996 0.265212962962963 0.10565625000000001 0.16799074074074075
7 0.4129479166666667 0.7711666666666667 0.15327604166666667 0.0793611111111111
7 0.11793229166666667 0.3458981481481481 0.16741145833333335 0.19179629629629627
3 0.03496875 0.32804629629629634 0.052083333333333336 0.16137962962962962
3 0.07180208333333334 0.4781759259259259 0.07663541666666666 0.21561111111111111
8 0.484375 0.28571296296296295 0.12351041666666666 0.21428703703703705