3 0.21744791666666666 0.28587962962962965 0.052083333333333336 0.19212962962962962
3 0.08919270833333333 0.5601851851851852 0.06380208333333333 0.20833333333333334
3 0.14908854166666666 0.2662037037037037 0.05078125 0.09259259259259259
1 0.8626302083333334 0.49074074074074076 0.2721354166666667 0.625
9 0.4557291666666667 0.3414351851851852 0.11197916666666667 0.24768518518518517
6 0.3216145833333333 0.3125 0.12239583333333333 0.2175925925925926
8 0.6282552083333334 0.4224537037037037 0.12369791666666667 0.3263888888888889
6 0.6471354166666666 0.65625 0.15104166666666666 0.2986111111111111
6 0.4296875 0.6319444444444444 0.15625 0.3333333333333333
7 0.16015625 0.4212962962962963 0.15104166666666666 0.19907407407407407
7 0.228515625 0.5972222222222222 0.16536458333333334 0.26851851851851855
6 0.039713541666666664 0.6539351851851852 0.07942708333333333 0.2986111111111111