7 0.655828125 0.2969814814814815 0.18873958333333332 0.3171574074074074
6 0.36409895833333333 0.4055462962962963 0.24069791666666665 0.44075925925925924
6 0.28771874999999997 0.18471296296296297 0.2316875 0.34910185185185183
6 0.5174375 0.12685185185185185 0.19321354166666668 0.2537037037037037
6 0.12003645833333333 0.8490740740740741 0.24007291666666666 0.30185185185185187
9 0.78525 0.8080277777777778 0.2996666666666667 0.3839444444444445
7 0.8279270833333333 0.5680833333333333 0.21834895833333334 0.34900925925925924
6 0.8787552083333333 0.2747777777777778 0.16792708333333334 0.29859259259259263
6 0.7380260416666666 0.07314814814814814 0.151046875 0.14629629629629629
6 0.8907395833333334 0.08888888888888889 0.13565104166666667 0.17777777777777778
3 0.07486979166666667 0.5500277777777778 0.08931770833333334 0.3184722222222222
3 0.137265625 0.19649074074074074 0.086359375 0.28109259259259256
3 0.20392187499999997 0.08148148148148149 0.06506770833333334 0.16296296296296298
3 0.03141666666666667 0.29314814814814816 0.06283854166666666 0.2137037037037037