3 0.20247395833333334 0.4722222222222222 0.061197916666666664 0.17592592592592593
3 0.11653645833333333 0.49189814814814814 0.06380208333333333 0.2337962962962963
3 0.07356770833333333 0.4340277777777778 0.05078125 0.18287037037037038
6 0.041666666666666664 0.6458333333333334 0.08333333333333333 0.32407407407407407
6 0.166015625 0.6608796296296297 0.2513020833333333 0.28935185185185186
7 0.6158854166666666 0.5358796296296297 0.125 0.2800925925925926
4 0.439453125 0.49421296296296297 0.14713541666666666 0.3587962962962963
6 0.328125 0.33449074074074076 0.12239583333333333 0.22916666666666666
6 0.6158854166666666 0.2824074074074074 0.09375 0.18518518518518517
6 0.474609375 0.2881944444444444 0.11328125 0.2152777777777778
7 0.23177083333333334 0.26273148148148145 0.11458333333333333 0.14583333333333334
8 0.3580729166666667 0.7013888888888888 0.234375 0.21296296296296297