6 0.5705104166666667 0.5623981481481481 0.22668750000000001 0.5035092592592593
6 0.8759583333333333 0.2701574074074074 0.18350520833333334 0.3588240740740741
6 0.6843020833333333 0.1708888888888889 0.17097916666666665 0.31307407407407406
6 0.528703125 0.12831481481481483 0.16105208333333335 0.24645370370370373
6 0.34266145833333334 0.12022222222222223 0.18759375 0.24044444444444446
6 0.8197135416666667 0.7456018518518519 0.30640104166666665 0.5087962962962963
8 0.27291666666666664 0.7606481481481482 0.5458333333333333 0.4787037037037037
3 0.21024479166666668 0.2908611111111111 0.10607291666666667 0.28449074074074077
3 0.138375 0.16960185185185184 0.09356249999999999 0.28271296296296294
3 0.05869270833333333 0.611638888888889 0.11542708333333333 0.41680555555555554
7 0.3555520833333333 0.4194259259259259 0.2763958333333333 0.3518148148148148