6 0.828125 0.6400462962962963 0.22135416666666666 0.5393518518518519
5 0.67540625 0.14351851851851852 0.171875 0.2777777777777778
6 0.8795572916666666 0.18287037037037038 0.15494791666666666 0.3055555555555556
6 0.791015625 0.9293981481481481 0.24609375 0.1412037037037037
7 0.5227864583333334 0.6712962962962963 0.2591145833333333 0.4305555555555556
7 0.14973958333333334 0.38078703703703703 0.2578125 0.3125
7 0.47265625 0.20717592592592593 0.15104166666666666 0.24768518518518517
3 0.3704427083333333 0.13773148148148148 0.061197916666666664 0.23842592592592593
3 0.2760416666666667 0.1701388888888889 0.049479166666666664 0.20601851851851852
3 0.08138020833333333 0.22453703703703703 0.07682291666666667 0.2222222222222222
3 0.23828125 0.07291666666666667 0.059895833333333336 0.14583333333333334
3 0.328125 0.0763888888888889 0.036458333333333336 0.1527777777777778
3 0.462890625 0.04861111111111111 0.053385416666666664 0.09259259259259259