6 0.2630208333333333 0.47685185185185186 0.16666666666666666 0.3148148148148148
6 0.6145833333333334 0.32175925925925924 0.09895833333333333 0.2222222222222222
6 0.4622395833333333 0.30324074074074076 0.10677083333333333 0.2222222222222222
6 0.6354166666666666 0.6678240740740741 0.1640625 0.27546296296296297
6 0.34765625 0.2604166666666667 0.10677083333333333 0.1597222222222222
7 0.41796875 0.5833333333333334 0.15104166666666666 0.2962962962962963
3 0.15299479166666666 0.4652777777777778 0.061197916666666664 0.24074074074074073
3 0.125 0.35185185185185186 0.046875 0.20833333333333334
3 0.039713541666666664 0.38078703703703703 0.055989583333333336 0.1875
3 0.20089583333333336 0.2534722222222222 0.0546875 0.13657407407407407
3 0.2641614583333333 0.23014814814814816 0.051005208333333336 0.09196296296296295