6 0.18005729166666665 0.6283055555555556 0.21428645833333335 0.3624351851851852
6 0.3776041666666667 0.6891574074074074 0.17484895833333333 0.23809259259259258
6 0.05803645833333334 0.6203703703703703 0.11607291666666668 0.3492037037037037
6 0.619421875 0.5469537037037038 0.13616145833333335 0.32407407407407407
6 0.34449479166666663 0.25925925925925924 0.11607291666666668 0.15608333333333332
3 0.41220312499999995 0.4894166666666667 0.053572916666666665 0.1587314814814815
3 0.14694791666666665 0.41864814814814816 0.052828125000000004 0.19179629629629627
3 0.16480729166666666 0.34193518518518523 0.04984895833333333 0.16269444444444445
3 0.05766145833333333 0.32804629629629634 0.060265624999999996 0.18518518518518517
3 0.17224479166666665 0.26719444444444446 0.05133854166666666 0.14814814814814814
7 0.47284375 0.30092592592592593 0.10640104166666667 0.17592592592592593
7 0.6145833333333334 0.2890185185185185 0.09523958333333334 0.17327777777777775