7 0.26038020833333336 0.44943518518518516 0.17768229166666666 0.28683333333333333
7 0.4434375 0.4890277777777778 0.150109375 0.2780462962962963
7 0.38847916666666665 0.7193796296296295 0.17227083333333332 0.18782407407407406
6 0.3477395833333333 0.25101851851851853 0.12535416666666668 0.1353611111111111
6 0.104296875 0.7126666666666667 0.20859375 0.1975462962962963
6 0.6126927083333332 0.6411296296296296 0.19700520833333332 0.33689814814814817
6 0.6046197916666666 0.40428703703703706 0.13503125 0.21041666666666667
6 0.6158125 0.23249074074074075 0.08659895833333334 0.1353611111111111
8 0.4751927083333333 0.2556296296296296 0.11132291666666667 0.13319444444444445
3 0.16663541666666667 0.432537037037037 0.09433854166666666 0.27617592592592594
3 0.13056770833333334 0.2593518518518519 0.07011458333333334 0.15203703703703703
3 0.019661458333333333 0.4302037037037037 0.039322916666666666 0.15578703703703703
3 0.04958333333333333 0.3325092592592593 0.06020833333333333 0.1502037037037037
3 0.04735416666666667 0.5251296296296296 0.09070312500000001 0.21137037037037038