6 0.4485677083333333 0.4027777777777778 0.11328125 0.25462962962962965
6 0.19401041666666666 0.2986111111111111 0.14322916666666666 0.19907407407407407
6 0.3111979166666667 0.3449074074074074 0.13020833333333334 0.2037037037037037
6 0.61328125 0.6481481481481481 0.1640625 0.3194444444444444
7 0.189453125 0.6597222222222222 0.20703125 0.2777777777777778
6 0.036458333333333336 0.6840277777777778 0.07291666666666667 0.24768518518518517
8 0.6243489583333334 0.29050925925925924 0.10026041666666667 0.21064814814814814
7 0.6106770833333334 0.4548611111111111 0.11979166666666667 0.1736111111111111
7 0.49609375 0.2326388888888889 0.08072916666666667 0.09490740740740741
7 0.3802083333333333 0.22916666666666666 0.0859375 0.09722222222222222
3 0.107421875 0.26851851851851855 0.045572916666666664 0.17592592592592593