3 0.10026041666666667 0.18171296296296297 0.078125 0.2523148148148148
3 0.494140625 0.1550925925925926 0.06901041666666667 0.14814814814814814
3 0.23763020833333334 0.6805555555555556 0.08984375 0.37037037037037035
3 0.08984375 0.8148148148148148 0.11979166666666667 0.3425925925925926
6 0.6907552083333334 0.16435185185185186 0.17057291666666666 0.3101851851851852
6 0.287109375 0.1712962962962963 0.19661458333333334 0.3055555555555556
6 0.4029947916666667 0.34375 0.22265625 0.3541666666666667
6 0.87109375 0.4675925925925926 0.1875 0.42592592592592593
6 0.5 0.7789351851851852 0.2708333333333333 0.44212962962962965
6 0.8372395833333334 0.8425925925925926 0.24479166666666666 0.3148148148148148
7 0.60546875 0.5034722222222222 0.22395833333333334 0.3402777777777778
9 0.08203125 0.5868055555555556 0.1640625 0.5486111111111112