3 0.33184375 0.16931481481481483 0.06994270833333333 0.2354537037037037
3 0.2823645833333333 0.12301851851851853 0.06324479166666667 0.20105555555555554
3 0.43452604166666664 0.07804629629629631 0.05505729166666666 0.1534351851851852
3 0.5052083333333334 0.07672222222222222 0.056546874999999996 0.1534351851851852
7 0.45089062500000004 0.28438888888888886 0.19494270833333335 0.26719444444444446
6 0.8820677083333333 0.13624074074074072 0.14508854166666665 0.27248148148148144
6 0.8277552083333333 0.6064814814814815 0.21503125 0.5171944444444445
6 0.5401770833333334 0.5681203703703704 0.22916666666666666 0.46693518518518523
5 0.18340625 0.7288333333333333 0.3668125 0.5396851851851852
6 0.12983854166666667 0.37897222222222227 0.259671875 0.4034351851851852
3 0.06286979166666666 0.2427222222222222 0.12574479166666666 0.24735185185185185
8 0.7213541666666666 0.09193518518518519 0.13913541666666665 0.18121296296296296