7 0.24739583333333334 0.7048611111111112 0.2994791666666667 0.4236111111111111
7 0.8704427083333334 0.29282407407407407 0.14453125 0.2708333333333333
6 0.708984375 0.12731481481481483 0.16796875 0.25462962962962965
6 0.48046875 0.17939814814814814 0.19010416666666666 0.3263888888888889
6 0.07747395833333333 0.6030092592592593 0.15494791666666666 0.5023148148148148
6 0.7604166666666666 0.8055555555555556 0.296875 0.3888888888888889
7 0.5631510416666666 0.6018518518518519 0.21744791666666666 0.4398148148148148
3 0.2513020833333333 0.4050925925925926 0.06770833333333333 0.2222222222222222
3 0.17057291666666666 0.25810185185185186 0.06770833333333333 0.23842592592592593
3 0.053385416666666664 0.24189814814814814 0.08854166666666667 0.2800925925925926
3 0.16080729166666666 0.12268518518518519 0.08203125 0.2222222222222222
3 0.2936197916666667 0.24189814814814814 0.07161458333333333 0.22916666666666666
3 0.2877604166666667 0.13310185185185186 0.06770833333333333 0.20601851851851852
3 0.3815104166666667 0.08564814814814815 0.057291666666666664 0.1712962962962963
7 0.8938802083333334 0.059027777777777776 0.12630208333333334 0.11805555555555555