6 0.6705729166666666 0.17476851851851852 0.16666666666666666 0.30324074074074076
6 0.8567708333333334 0.2835648148148148 0.15364583333333334 0.33564814814814814
7 0.4440104166666667 0.25925925925925924 0.17708333333333334 0.2638888888888889
7 0.10611979166666667 0.9189814814814815 0.21223958333333334 0.16203703703703703
7 0.7955729166666666 0.8020833333333334 0.23958333333333334 0.3958333333333333
7 0.4453125 0.8692129629629629 0.296875 0.26157407407407407
3 0.17708333333333334 0.4976851851851852 0.08333333333333333 0.3194444444444444
3 0.061197916666666664 0.6678240740740741 0.09895833333333333 0.33101851851851855
3 0.059244791666666664 0.44212962962962965 0.09505208333333333 0.3101851851851852
3 0.16536458333333334 0.26967592592592593 0.09114583333333333 0.29398148148148145
3 0.279296875 0.17592592592592593 0.07682291666666667 0.25
3 0.4153645833333333 0.06828703703703703 0.052083333333333336 0.13657407407407407