3 0.3224322916666667 0.6767592592592593 0.14703125 0.40497222222222223
3 0.05005729166666666 0.6632685185185185 0.10011458333333333 0.30019444444444443
3 0.74984375 0.6038888888888889 0.094296875 0.33329629629629626
3 0.7902968749999999 0.34650000000000003 0.05296875 0.28147222222222223
3 0.7276197916666667 0.11112037037037037 0.05540625 0.1922037037037037
3 0.356234375 0.2125 0.07942708333333333 0.2431111111111111
3 0.2877708333333333 0.18512037037037038 0.05177604166666667 0.2253888888888889
3 0.22352604166666667 0.07643518518518519 0.06776041666666667 0.15287037037037038
3 0.14655729166666667 0.11338888888888889 0.05086979166666667 0.20414814814814813
3 0.40913541666666664 0.08466666666666667 0.04446354166666667 0.16933333333333334
3 0.3060572916666667 0.07787037037037037 0.056864583333333336 0.1368148148148148
3 0.5831093749999999 0.0701574074074074 0.04234895833333333 0.13249074074074074
6 0.6254635416666667 0.399 0.23078645833333333 0.4432962962962963
6 0.140625 0.347962962962963 0.28125 0.4333703703703704
6 0.46746354166666665 0.2309351851851852 0.22780208333333332 0.3577592592592593
6 0.8211354166666667 0.8075092592592593 0.268375 0.3849814814814815
6 0.9105000000000001 0.13325925925925924 0.1563125 0.2665185185185185
6 0.4571614583333333 0.8800370370370371 0.31715625000000003 0.23991666666666667