6 0.08671875 0.5621851851851851 0.1734375 0.35030555555555554
6 0.3593177083333333 0.2678888888888889 0.13477604166666665 0.1688425925925926
6 0.6339114583333333 0.286212962962963 0.10821354166666668 0.20575000000000002
6 0.6276510416666666 0.495462962962963 0.13759895833333333 0.28314814814814815
7 0.2210625 0.65225 0.23027083333333334 0.32208333333333333
7 0.42703125 0.661962962962963 0.188125 0.2952314814814815
7 0.45241145833333335 0.4492037037037037 0.12564583333333335 0.2947037037037037
6 0.4776770833333333 0.2764814814814815 0.10610937499999999 0.1770462962962963
3 0.220015625 0.43183333333333335 0.07611979166666667 0.19607407407407407
3 0.019661458333333333 0.38251851851851854 0.039322916666666666 0.12058333333333332
3 0.09397916666666667 0.28990740740740745 0.05734895833333333 0.15760185185185185
3 0.13291145833333334 0.33875925925925926 0.04980729166666666 0.1302962962962963
3 0.20426041666666667 0.3521851851851852 0.05294270833333334 0.12937037037037036
3 0.5509739583333333 0.3538055555555556 0.05482291666666667 0.1557685185185185
3 0.15543229166666667 0.2190462962962963 0.034296875 0.08597222222222221
3 0.21323958333333334 0.23480555555555555 0.037578125000000004 0.11220370370370371