7 0.328125 0.15806481481481482 0.193453125 0.22619444444444445
7 0.8917395833333334 0.19907407407407407 0.13765104166666667 0.24735185185185185
6 0.39136979166666663 0.33994444444444444 0.23958333333333334 0.3862407407407407
6 0.6919635416666666 0.13690740740740742 0.15922395833333333 0.26851851851851855
7 0.47284375 0.785712962962963 0.29390104166666664 0.4285740740740741
6 0.8470989583333334 0.5390185185185185 0.185265625 0.432537037037037
6 0.11607291666666668 0.8048981481481481 0.232140625 0.390212962962963
3 0.12598437499999998 0.4894166666666667 0.11755729166666667 0.2566111111111111
3 0.16913541666666668 0.1455 0.06547395833333333 0.2037037037037037
3 0.684390625 0.5846574074074073 0.07663541666666666 0.317462962962963
3 0.7799999999999999 0.37169444444444444 0.061010416666666664 0.26719444444444446
7 0.5461302083333333 0.08796296296296297 0.15922395833333333 0.17592592592592593