0 0.059375 0.25658333333333333 0.11875 0.3131666666666667
7 0.08411458333333334 0.6612777777777777 0.16822916666666668 0.3447777777777778
5 0.40958854166666664 0.3211851851851852 0.26988541666666666 0.409962962962963
8 0.47990104166666664 0.6715277777777777 0.3896770833333333 0.6569444444444444
4 0.6623020833333333 0.2315925925925926 0.21498437499999998 0.44837037037037036
4 0.7809166666666666 0.8185185185185185 0.37097916666666664 0.362962962962963
3 0.21090104166666668 0.09544444444444444 0.06830729166666667 0.19087962962962962
3 0.5564427083333333 0.14846296296296296 0.038677083333333334 0.25896296296296295
3 0.5173802083333333 0.07784259259259259 0.04986458333333333 0.15568518518518518
3 0.393953125 0.05838888888888889 0.040734374999999996 0.11678703703703704
3 0.33393229166666666 0.05098148148148148 0.04358854166666667 0.10196296296296296
7 0.28095312499999997 0.2334351851851852 0.21466145833333333 0.2853796296296296
7 0.8850677083333333 0.3605462962962963 0.19392708333333333 0.4053425925925926