5 0.19596354166666666 0.31828703703703703 0.2877604166666667 0.3773148148148148
6 0.5182291666666666 0.13194444444444445 0.1796875 0.25925925925925924
6 0.4921875 0.7754629629629629 0.296875 0.44907407407407407
6 0.8763020833333334 0.4652777777777778 0.20833333333333334 0.4027777777777778
6 0.6875 0.16435185185185186 0.171875 0.2777777777777778
7 0.60546875 0.5034722222222222 0.23958333333333334 0.3819444444444444
7 0.21940104166666666 0.7222222222222222 0.33203125 0.47685185185185186
7 0.90234375 0.11226851851851852 0.12760416666666666 0.2199074074074074
6 0.3854166666666667 0.08680555555555555 0.20572916666666666 0.1736111111111111
3 0.15690104166666666 0.11226851851851852 0.061197916666666664 0.09953703703703703
3 0.3404947916666667 0.4236111111111111 0.09244791666666667 0.25462962962962965
3 0.4010416666666667 0.31828703703703703 0.07552083333333333 0.2800925925925926