6 0.24052083333333335 0.49070370370370375 0.16854166666666667 0.29917592592592596
6 0.37062500000000004 0.6891666666666666 0.18166666666666667 0.2368611111111111
6 0.08072916666666667 0.5591944444444444 0.16145833333333334 0.35467592592592595
6 0.6298958333333334 0.4646018518518518 0.11812500000000001 0.29512037037037037
1 0.8947916666666667 0.5589814814814815 0.21041666666666667 0.5061203703703704
7 0.17604166666666668 0.3501944444444444 0.1375 0.2366851851851852
7 0.34750000000000003 0.24805555555555553 0.10958333333333334 0.14537037037037037
6 0.6327083333333333 0.6967592592592593 0.14250000000000002 0.21871296296296297
7 0.6214583333333333 0.29688888888888887 0.10333333333333333 0.14488888888888887
9 0.4214583333333334 0.4323611111111111 0.18000000000000002 0.4602777777777778
3 0.5186458333333334 0.6680555555555555 0.07895833333333332 0.27612037037037035