7 0.8911874999999999 0.24130555555555558 0.19991666666666666 0.31038888888888894
3 0.24865625 0.3209351851851852 0.10216145833333333 0.17335185185185184
3 0.19475 0.10555555555555556 0.0660625 0.2111111111111111
6 0.6236354166666668 0.3825462962962963 0.28970833333333335 0.5095277777777777
6 0.18864583333333332 0.6710185185185186 0.375828125 0.5957407407407407
6 0.06783854166666667 0.5705277777777777 0.13567708333333334 0.4781018518518519
6 0.8553854166666667 0.5800185185185185 0.222046875 0.43689814814814815
6 0.5283125 0.10555555555555556 0.1654739583333333 0.2111111111111111
6 0.7144947916666666 0.08356481481481481 0.14721875 0.16712962962962963
9 0.36035416666666664 0.09861111111111111 0.19935416666666667 0.19722222222222222
8 0.33864062500000003 0.8486111111111111 0.47167708333333336 0.30277777777777776