6 0.6126979166666667 0.3806851851851852 0.2699166666666667 0.4317407407407407
6 0.7418541666666666 0.7675925925925926 0.3136875 0.4648148148148148
6 0.40334375 0.8451388888888889 0.32404687499999996 0.30972222222222223
6 0.8862239583333333 0.32599074074074075 0.20160937499999998 0.39987962962962964
6 0.5121822916666666 0.13249074074074074 0.158453125 0.2649722222222222
6 0.7168385416666666 0.08703703703703704 0.14669791666666668 0.17407407407407408
6 0.878296875 0.09544444444444444 0.155390625 0.19087962962962962
8 0.2744479166666667 0.4177592592592593 0.42036979166666666 0.8021759259259259
3 0.16181770833333334 0.11488888888888889 0.08053645833333332 0.19644444444444445
6 0.09254166666666667 0.4454444444444444 0.185078125 0.49430555555555555
3 0.028776041666666665 0.23133333333333334 0.05755208333333333 0.11914814814814816