7 0.5748489583333334 0.5453240740740741 0.22260937500000003 0.4167592592592593
3 0.33969791666666665 0.7856296296296297 0.1148125 0.42874074074074076
3 0.20525 0.615712962962963 0.09800520833333333 0.38339814814814815
6 0.08471354166666667 0.5797407407407408 0.16942708333333334 0.47122222222222226
7 0.2657083333333333 0.23889814814814814 0.21058333333333332 0.28147222222222223
6 0.5054375 0.17978703703703702 0.19003645833333332 0.30338888888888893
6 0.7020885416666667 0.17347222222222222 0.17500520833333333 0.29750925925925925
7 0.8871197916666667 0.1486111111111111 0.14923958333333334 0.27685185185185185
3 0.1931145833333333 0.12890740740740741 0.04872916666666667 0.21256481481481482
3 0.23658854166666668 0.06388888888888888 0.05233854166666666 0.12777777777777777
7 0.8248697916666666 0.7395833333333334 0.23307291666666666 0.4837962962962963
3 0.032552083333333336 0.26157407407407407 0.059895833333333336 0.18055555555555555
3 0.3190104166666667 0.061342592592592594 0.059895833333333336 0.12268518518518519