6 0.24970833333333334 0.5733148148148147 0.3396458333333333 0.5577407407407408
6 0.6094427083333334 0.37142592592592594 0.29465625 0.48730555555555555
6 0.21897916666666667 0.2762685185185185 0.28652083333333334 0.40346296296296297
7 0.36193229166666663 0.09544444444444444 0.17248958333333334 0.19087962962962962
7 0.06328125 0.6286296296296295 0.1265625 0.3581944444444445
7 0.44409375 0.8162037037037037 0.32847916666666666 0.3675925925925926
7 0.8933854166666666 0.314 0.16853645833333333 0.3168888888888889
7 0.7007083333333333 0.12137037037037038 0.15640104166666668 0.22793518518518519
6 0.5591666666666666 0.06388888888888888 0.16208333333333333 0.12777777777777777
5 0.7957552083333332 0.6895370370370371 0.325671875 0.59575
0 0.045703125 0.2927037037037037 0.09140625 0.3113240740740741
3 0.15725520833333334 0.11627777777777777 0.071421875 0.1807037037037037