4 0.8914479166666667 0.2656203703703704 0.173359375 0.39142592592592595
8 0.9012083333333333 0.05098148148148148 0.17205729166666667 0.10196296296296296
6 0.41271354166666663 0.3075277777777778 0.2636354166666667 0.41505555555555557
6 0.48953125 0.6383703703703704 0.333953125 0.5721203703703703
6 0.6590468749999999 0.23575000000000002 0.20847395833333332 0.35483333333333333
4 0.3899270833333333 0.07136111111111111 0.18681770833333333 0.14272222222222222
6 0.5481145833333334 0.10192592592592592 0.18033333333333335 0.20385185185185184
4 0.7370312499999999 0.08062037037037037 0.15406250000000002 0.16124074074074074
7 0.8599427083333333 0.6483240740740741 0.2519895833333333 0.4670092592592593
6 0.793125 0.7965277777777777 0.31490104166666666 0.40694444444444444
3 0.12718229166666667 0.37280555555555556 0.12375520833333334 0.2956111111111111
3 0.15335416666666665 0.624 0.1469375 0.3674537037037037