6 0.6353958333333334 0.42575 0.12079166666666666 0.2744259259259259
6 0.2505833333333333 0.5329444444444444 0.17200520833333333 0.30077777777777776
6 0.33073437499999997 0.35371296296296295 0.117703125 0.22220370370370368
6 0.14245312499999999 0.37374999999999997 0.15782291666666665 0.23768518518518517
6 0.141125 0.7433611111111111 0.16358333333333333 0.1385648148148148
4 0.3896875 0.6117037037037036 0.18561979166666667 0.2988240740740741
7 0.24271874999999998 0.2602685185185185 0.10209895833333334 0.15353703703703703
7 0.36608854166666666 0.2315648148148148 0.090515625 0.09982407407407408
7 0.5023854166666667 0.21343518518518517 0.07768749999999999 0.06201851851851852
7 0.028036458333333333 0.571138888888889 0.05190625 0.2459722222222222
7 0.6553854166666666 0.7119907407407408 0.162859375 0.1980648148148148
6 0.6229791666666666 0.24125000000000002 0.09388020833333334 0.11750925925925926
3 0.020088541666666668 0.3759722222222222 0.03601041666666667 0.17399074074074075
3 0.07291666666666667 0.31337037037037035 0.04375520833333334 0.16585185185185186
3 0.09931770833333334 0.2456388888888889 0.038864583333333334 0.12724074074074074
3 0.14869791666666668 0.2319537037037037 0.030729166666666665 0.09534259259259259
7 0.46452604166666667 0.4121574074074074 0.14438541666666668 0.19837962962962963