7 0.26871354166666667 0.5256018518518518 0.17143229166666665 0.2863888888888889
9 0.4659583333333333 0.3267314814814815 0.1389166666666667 0.2543888888888889
6 0.09518229166666667 0.46009259259259255 0.19036458333333334 0.3359166666666667
6 0.23823958333333334 0.2526388888888889 0.12715625 0.1432314814814815
6 0.6167291666666667 0.5976111111111111 0.1655 0.3980092592592593
6 0.39995312499999996 0.6263148148148148 0.20061979166666666 0.3628240740740741
6 0.6096979166666666 0.27811111111111114 0.11185937500000001 0.2034351851851852
0 0.15634375 0.22137962962962962 0.044598958333333334 0.11312962962962964
3 0.028776041666666665 0.3700185185185185 0.05755208333333333 0.1881851851851852
3 0.255671875 0.3269537037037037 0.06469270833333333 0.14835185185185185
3 0.312828125 0.2676851851851852 0.062359375 0.1594537037037037
3 0.37206770833333336 0.2602777777777778 0.04544270833333333 0.16314814814814813