7 0.12708333333333333 0.5057037037037037 0.25416666666666665 0.40399999999999997
7 0.875953125 0.15378703703703703 0.14445312500000002 0.3075833333333333
7 0.6814374999999999 0.20981481481481482 0.17410416666666664 0.2659259259259259
6 0.7850833333333332 0.7583333333333333 0.3314010416666667 0.48333333333333334
6 0.201953125 0.7201388888888889 0.40390625 0.5597222222222222
6 0.5585364583333334 0.5188981481481482 0.29490625000000004 0.4628055555555555
6 0.466875 0.19917592592592595 0.22822916666666665 0.36500925925925926
6 0.34498958333333335 0.12523148148148147 0.23633333333333334 0.25046296296296294
3 0.151140625 0.15610185185185185 0.11751041666666667 0.26961111111111113
3 0.03463541666666667 0.33923148148148147 0.06927083333333334 0.2516111111111111
3 0.7930104166666666 0.11303703703703703 0.06814062500000001 0.21125925925925926
3 0.7017447916666666 0.036166666666666666 0.060578125000000003 0.07232407407407407
3 0.6169843749999999 0.08802777777777777 0.07644791666666667 0.1760648148148148