7 0.5436197916666666 0.6597222222222222 0.23828125 0.4212962962962963
7 0.3515625 0.44212962962962965 0.2265625 0.3287037037037037
7 0.32421875 0.14699074074074073 0.1796875 0.22916666666666666
7 0.80859375 0.8969907407407407 0.22916666666666666 0.20601851851851852
6 0.13736979166666666 0.8078703703703703 0.2747395833333333 0.38425925925925924
6 0.11979166666666667 0.41435185185185186 0.23958333333333334 0.39351851851851855
6 0.8515625 0.4548611111111111 0.19791666666666666 0.42824074074074076
6 0.8971354166666666 0.17708333333333334 0.1484375 0.2800925925925926
6 0.6458333333333334 0.26851851851851855 0.16145833333333334 0.2962962962962963
6 0.7057291666666666 0.11921296296296297 0.14322916666666666 0.22916666666666666
3 0.7200520833333334 0.42476851851851855 0.07291666666666667 0.28935185185185186
3 0.43359375 0.5474537037037037 0.0703125 0.3125
3 0.4583333333333333 0.2013888888888889 0.06510416666666667 0.20833333333333334
3 0.2779947916666667 0.24421296296296297 0.053385416666666664 0.23842592592592593
3 0.16015625 0.17708333333333334 0.078125 0.0763888888888889
3 0.04296875 0.24537037037037038 0.078125 0.22685185185185186
3 0.22135416666666666 0.08333333333333333 0.044270833333333336 0.16666666666666666