6 0.26571875 0.44758333333333333 0.16960937499999998 0.32016666666666665
6 0.16180208333333335 0.3361851851851852 0.179859375 0.26837962962962963
6 0.127734375 0.6918333333333333 0.25546875 0.239212962962963
6 0.6262343749999999 0.6047962962962963 0.17409375 0.40957407407407403
6 0.6212864583333333 0.28991666666666666 0.12253645833333333 0.2316851851851852
7 0.44851041666666663 0.43346296296296294 0.13109895833333335 0.2891388888888889
7 0.3715572916666667 0.23432407407407407 0.11238020833333334 0.10171296296296296
6 0.49615625 0.22575925925925924 0.10897395833333333 0.09569444444444444
3 0.27443229166666666 0.2542592592592593 0.034984375 0.13258333333333333
3 0.05869791666666667 0.3204722222222222 0.0471875 0.16316666666666665
3 0.12835416666666666 0.2315648148148148 0.051104166666666666 0.09646296296296297
3 0.021614583333333333 0.6237592592592592 0.043229166666666666 0.20491666666666666