7 0.33224479166666665 0.3098240740740741 0.138109375 0.2066851851851852
7 0.4019010416666667 0.5193518518518518 0.15244270833333334 0.26925925925925925
7 0.06393229166666667 0.604787037037037 0.12786458333333334 0.3058611111111111
7 0.09908854166666667 0.7466944444444444 0.19817708333333334 0.14060185185185184
6 0.35490625 0.7041018518518518 0.25425000000000003 0.22208333333333333
6 0.6258385416666666 0.4205 0.121234375 0.3076574074074074
6 0.6212812499999999 0.25125000000000003 0.101703125 0.1497222222222222
9 0.49758854166666666 0.2825092592592593 0.11444270833333332 0.1983425925925926
3 0.22678645833333333 0.31121296296296297 0.08341145833333334 0.2002037037037037
3 0.18980729166666668 0.5230555555555555 0.09486458333333332 0.23962962962962964
3 0.03138020833333333 0.38761111111111113 0.06276041666666667 0.19560185185185186