3 0.18619791666666666 0.22800925925925927 0.07552083333333333 0.2569444444444444
3 0.080078125 0.36689814814814814 0.08723958333333333 0.24305555555555555
3 0.13216145833333334 0.5752314814814815 0.09505208333333333 0.3587962962962963
3 0.026692708333333332 0.6157407407407407 0.053385416666666664 0.3194444444444444
3 0.11328125 0.1886574074074074 0.06770833333333333 0.22453703703703703
6 0.8268229166666666 0.7245370370370371 0.2578125 0.5509259259259259
6 0.5833333333333334 0.4756944444444444 0.22916666666666666 0.46064814814814814
6 0.3958333333333333 0.37037037037037035 0.21354166666666666 0.4074074074074074
6 0.5032552083333334 0.11458333333333333 0.16276041666666666 0.22916666666666666
6 0.8815104166666666 0.4039351851851852 0.1640625 0.3912037037037037
6 0.8658854166666666 0.14814814814814814 0.15364583333333334 0.2824074074074074
7 0.3795572916666667 0.07060185185185185 0.14192708333333334 0.1412037037037037
9 0.724609375 0.08101851851851852 0.14973958333333334 0.1574074074074074