5 0.54296875 0.5995370370370371 0.2630208333333333 0.49074074074074076
6 0.8177083333333334 0.5393518518518519 0.19791666666666666 0.5092592592592593
6 0.3580729166666667 0.3888888888888889 0.25 0.41203703703703703
7 0.20768229166666666 0.3090277777777778 0.20442708333333334 0.3680555555555556
7 0.6399739583333334 0.2673611111111111 0.17317708333333334 0.29398148148148145
7 0.8919270833333334 0.2025462962962963 0.16145833333333334 0.32175925925925924
7 0.16341145833333334 0.7858796296296297 0.3268229166666667 0.42824074074074076
7 0.7897135416666666 0.9224537037037037 0.22005208333333334 0.1550925925925926
9 0.055989583333333336 0.3159722222222222 0.11197916666666667 0.4236111111111111
7 0.509765625 0.13310185185185186 0.17057291666666666 0.2569444444444444
4 0.732421875 0.07060185185185185 0.14713541666666666 0.1412037037037037
3 0.3626302083333333 0.13541666666666666 0.06901041666666667 0.1550925925925926
3 0.2662760416666667 0.10532407407407407 0.053385416666666664 0.08564814814814815
3 0.031901041666666664 0.7268518518518519 0.06380208333333333 0.3333333333333333