3 0.06794270833333332 0.25912962962962965 0.11983854166666667 0.3043703703703704
9 0.219375 0.6369907407407408 0.39770833333333333 0.6897314814814814
3 0.212203125 0.3072777777777778 0.09173958333333333 0.15991666666666668
3 0.2934427083333333 0.22949074074074075 0.064671875 0.18952777777777777
3 0.2638854166666667 0.05462962962962963 0.06110416666666666 0.10925925925925926
3 0.5625625 0.1855 0.08633333333333333 0.2404537037037037
7 0.67440625 0.21583333333333332 0.20378645833333334 0.2501851851851852
7 0.40697916666666667 0.3230277777777778 0.191765625 0.33958333333333335
4 0.8540833333333333 0.5927685185185185 0.2715208333333334 0.5596018518518519
7 0.8819427083333333 0.2917592592592593 0.18976041666666665 0.10574074074074075
7 0.36974479166666663 0.08247222222222221 0.16728125 0.16494444444444442
6 0.9006927083333333 0.11396296296296296 0.19393229166666667 0.22792592592592592
6 0.5477291666666667 0.5327962962962962 0.27745833333333336 0.4535462962962963