3 0.14453125 0.28125 0.08072916666666667 0.2708333333333333
4 0.14192708333333334 0.7673611111111112 0.2838541666666667 0.4652777777777778
8 0.8352864583333334 0.6446759259259259 0.25390625 0.7106481481481481
6 0.5748697916666666 0.4895833333333333 0.22786458333333334 0.4513888888888889
6 0.4108072916666667 0.8553240740740741 0.29296875 0.28935185185185186
6 0.8626302083333334 0.2025462962962963 0.15234375 0.16898148148148148
6 0.05078125 0.5208333333333334 0.1015625 0.2638888888888889
6 0.9055989583333334 0.10300925925925926 0.11848958333333333 0.20601851851851852
7 0.4524739583333333 0.2511574074074074 0.18098958333333334 0.26157407407407407
7 0.3548177083333333 0.11805555555555555 0.18098958333333334 0.2222222222222222
7 0.685546875 0.1574074074074074 0.16276041666666666 0.21296296296296297