6 0.12630208333333334 0.8217592592592593 0.2526041666666667 0.35648148148148145
8 0.8561197916666666 0.28125 0.24088541666666666 0.5625
9 0.8333333333333334 0.6886574074074074 0.22916666666666666 0.6226851851851852
6 0.3671875 0.3611111111111111 0.22395833333333334 0.41203703703703703
7 0.6751302083333334 0.12384259259259259 0.13932291666666666 0.24768518518518517
7 0.35546875 0.09143518518518519 0.15885416666666666 0.18287037037037038
7 0.5703125 0.5092592592592593 0.22395833333333334 0.37037037037037035
6 0.3704427083333333 0.9027777777777778 0.2981770833333333 0.19444444444444445
3 0.17903645833333334 0.45949074074074076 0.11328125 0.3680555555555556
3 0.3841145833333333 0.10532407407407407 0.049479166666666664 0.12268518518518519
3 0.5071614583333334 0.0798611111111111 0.06640625 0.1597222222222222