7 0.4388020833333333 0.6242314814814814 0.15711979166666667 0.3688240740740741
7 0.6235364583333334 0.650611111111111 0.137328125 0.3101111111111111
7 0.3010260416666667 0.4034259259259259 0.129640625 0.21777777777777776
7 0.07904166666666666 0.5390648148148148 0.15148958333333334 0.2701851851851852
7 0.6186510416666666 0.41232407407407407 0.1066875 0.2019351851851852
6 0.4645989583333333 0.2923148148148148 0.10430729166666668 0.20649074074074072
7 0.6103541666666668 0.2818981481481481 0.09722916666666667 0.1909722222222222
7 0.3552239583333333 0.24174999999999996 0.10632291666666666 0.11664814814814815
7 0.2700208333333334 0.21614814814814814 0.0833125 0.06352777777777778
7 0.521484375 0.22569444444444445 0.040468750000000005 0.0860462962962963
3 0.12880729166666666 0.3191759259259259 0.07573437499999999 0.16680555555555557