7 0.493171875 0.18157407407407408 0.19126041666666668 0.27425
6 0.8434062499999999 0.53025 0.23558333333333334 0.49938888888888894
7 0.8776458333333333 0.29339814814814813 0.19574999999999998 0.2988240740740741
7 0.8961197916666667 0.10655555555555556 0.15681770833333333 0.2131111111111111
6 0.7249114583333333 0.07777777777777778 0.15763020833333333 0.15555555555555556
6 0.5814270833333333 0.40955555555555556 0.27170833333333333 0.45958333333333334
6 0.16809895833333333 0.725925925925926 0.33619791666666665 0.5481481481481482
6 0.77515625 0.7768518518518519 0.346671875 0.4462962962962963
6 0.40204166666666663 0.8787037037037037 0.3214427083333333 0.24259259259259258
3 0.294875 0.11743518518518518 0.090453125 0.22468518518518518
3 0.173140625 0.12021296296296298 0.08652604166666666 0.23024999999999998
3 0.19618750000000001 0.2403703703703704 0.09512499999999999 0.2159259259259259
3 0.247484375 0.3526574074074074 0.11231770833333334 0.21364814814814817
3 0.06859375 0.3718796296296296 0.08989583333333333 0.256712962962963
3 0.04635416666666667 0.5728333333333333 0.09270833333333334 0.34382407407407406