3 0.515234375 0.4513240740740741 0.09296875 0.34675925925925927
3 0.41195312500000003 0.548962962962963 0.09682291666666668 0.23866666666666667
3 0.4424895833333334 0.0712962962962963 0.04671875 0.1425925925925926
3 0.21792708333333335 0.09074074074074075 0.06710416666666667 0.1814814814814815
7 0.8256510416666667 0.6346666666666667 0.22030729166666668 0.538074074074074
6 0.4392916666666667 0.8056666666666666 0.3134427083333333 0.38866666666666666
6 0.15 0.7855740740740741 0.3 0.4288518518518519
6 0.121265625 0.4562685185185185 0.24253645833333334 0.4458703703703704
6 0.29883333333333334 0.16203703703703703 0.22058854166666667 0.32407407407407407
7 0.8704999999999999 0.2849074074074074 0.16458854166666667 0.31426851851851856
7 0.5618489583333334 0.05787037037037037 0.14713541666666666 0.11574074074074074
7 0.9016927083333334 0.05555555555555555 0.11848958333333333 0.1111111111111111