3 0.24149479166666668 0.35149074074074077 0.05659375 0.14187962962962963
3 0.19553645833333333 0.24313888888888888 0.04174479166666667 0.12887962962962962
3 0.26050520833333335 0.24938888888888885 0.05503645833333334 0.10897222222222222
6 0.2913645833333333 0.411462962962963 0.16258333333333336 0.26644444444444443
6 0.1334375 0.4202685185185185 0.16333854166666667 0.29330555555555554
6 0.4447395833333333 0.4082222222222222 0.16313020833333333 0.2692222222222222
6 0.62271875 0.5946018518518518 0.15872916666666667 0.3966111111111111
6 0.60553125 0.2843611111111111 0.10977604166666667 0.22057407407407406
6 0.39083854166666665 0.7122037037037037 0.19280208333333335 0.20587962962962963
6 0.355421875 0.25101851851851853 0.107390625 0.1353611111111111
4 0.05221354166666667 0.6335 0.10442708333333334 0.38180555555555556