7 0.6190989583333334 0.4842314814814815 0.10903125 0.2500462962962963
7 0.06113020833333334 0.6773055555555556 0.11523958333333333 0.26572222222222225
7 0.352078125 0.25666666666666665 0.10834895833333333 0.1422314814814815
6 0.44327083333333334 0.4677962962962963 0.13428645833333333 0.2726296296296296
6 0.2715677083333333 0.43122222222222223 0.14853125 0.29576851851851854
1 0.8192239583333334 0.34025000000000005 0.20530208333333333 0.31210185185185185
7 0.616015625 0.23592592592592593 0.08255729166666666 0.10593518518518519
6 0.47544270833333335 0.2569814814814815 0.10119791666666668 0.14528703703703702
6 0.16590104166666667 0.33005555555555555 0.15055208333333334 0.2361851851851852
3 0.5480572916666666 0.2769351851851852 0.03513541666666666 0.14612962962962964
3 0.401765625 0.7126296296296296 0.07146875 0.1895648148148148
3 0.08347916666666667 0.3055462962962963 0.05653645833333333 0.1777962962962963