7 0.19895833333333332 0.7580277777777777 0.39791666666666664 0.48395370370370366
7 0.1 0.5569074074074074 0.2 0.40887037037037033
9 0.5520572916666667 0.5825 0.30283333333333334 0.6193240740740741
6 0.3662447916666667 0.3393425925925926 0.2508385416666667 0.42437037037037034
9 0.5185572916666666 0.14432407407407408 0.15802083333333333 0.28123148148148147
6 0.32509895833333335 0.11655555555555555 0.19077604166666667 0.23310185185185187
6 0.6408072916666666 0.2146759259259259 0.21907812499999998 0.2985
6 0.882546875 0.16591666666666666 0.18004166666666668 0.3318425925925926
6 0.8429479166666667 0.6559537037037036 0.23146875 0.5267314814814815
6 0.720703125 0.08446296296296296 0.12872916666666667 0.16892592592592592
3 0.19990104166666667 0.3054074074074074 0.11826041666666667 0.29476851851851854