3 0.12728124999999998 0.5705185185185185 0.12331249999999999 0.33674074074074073
3 0.12646354166666668 0.36324074074074075 0.10709375 0.21425
3 0.22456770833333334 0.27749999999999997 0.074140625 0.27091666666666664
3 0.2465625 0.13052777777777777 0.077703125 0.19449074074074074
3 0.31914583333333335 0.10185185185185185 0.06329166666666666 0.2037037037037037
3 0.37197395833333335 0.12436111111111112 0.06269270833333333 0.24757407407407406
7 0.26486458333333335 0.6134166666666667 0.29222395833333337 0.42873148148148144
7 0.6089895833333333 0.3726759259259259 0.20547916666666666 0.3361296296296296
7 0.46803645833333335 0.16825925925925925 0.177734375 0.2597777777777778
7 0.7054427083333333 0.12407407407407407 0.14839062500000003 0.24814814814814815
7 0.8500624999999999 0.6031296296296296 0.22304166666666667 0.41597222222222224
6 0.8021406249999999 0.8861111111111111 0.25220312500000003 0.22777777777777777
6 0.8886666666666667 0.22635185185185186 0.17733854166666668 0.34359259259259256