3 0.40549999999999997 0.23919444444444443 0.03691666666666667 0.11421296296296296
8 0.612671875 0.3067685185185185 0.10034375 0.24571296296296297
4 0.26967708333333335 0.46351851851851855 0.1648125 0.32110185185185186
6 0.21570833333333334 0.26935185185185184 0.13941666666666666 0.16871296296296298
6 0.44356249999999997 0.5156388888888889 0.14963020833333335 0.3353796296296296
6 0.48265104166666667 0.25487037037037036 0.08886979166666667 0.1347037037037037
6 0.083890625 0.5047314814814815 0.16138541666666667 0.2720185185185185
6 0.6216302083333333 0.7112222222222222 0.17242708333333334 0.20021296296296295
7 0.6361145833333333 0.5484537037037037 0.12777083333333333 0.2487592592592593
7 0.346671875 0.3206574074074074 0.10248958333333333 0.1772037037037037
7 0.14132291666666666 0.7460648148148148 0.2006875 0.13287037037037036