6 0.6112604166666666 0.6246944444444444 0.19830208333333335 0.37347222222222226
6 0.47285937499999997 0.27787962962962964 0.11730208333333333 0.20760185185185187
6 0.3573645833333333 0.2616666666666667 0.128265625 0.16592592592592592
4 0.25437499999999996 0.48897222222222225 0.22176562500000002 0.40724074074074074
3 0.09241666666666666 0.2952314814814815 0.060473958333333334 0.15436111111111112
3 0.13916145833333332 0.46702777777777776 0.06855208333333333 0.21089814814814817
3 0.03825520833333333 0.5649537037037037 0.075046875 0.22621296296296298
3 0.205171875 0.2799537037037037 0.048515625 0.15157407407407406
3 0.11325 0.36168518518518517 0.08130729166666667 0.23633333333333334
3 0.269484375 0.24059259259259258 0.039671875 0.1191574074074074
7 0.6052708333333333 0.3119074074074074 0.12383333333333332 0.20252777777777778