3 0.21744791666666666 0.28587962962962965 0.052083333333333336 0.19212962962962962
3 0.056640625 0.6319444444444444 0.06380208333333333 0.20833333333333334
3 0.14908854166666666 0.2662037037037037 0.05078125 0.09259259259259259
9 0.4375 0.41435185185185186 0.1484375 0.2638888888888889
6 0.3059895833333333 0.3414351851851852 0.12760416666666666 0.22916666666666666
8 0.6282552083333334 0.4224537037037037 0.12369791666666667 0.3263888888888889
6 0.6471354166666666 0.65625 0.15104166666666666 0.2986111111111111
6 0.4016927083333333 0.6585648148148148 0.18619791666666666 0.29398148148148145
7 0.16015625 0.4212962962962963 0.15104166666666666 0.19907407407407407
7 0.216796875 0.6226851851851852 0.16536458333333334 0.26851851851851855
3 0.05078125 0.3645833333333333 0.052083333333333336 0.1736111111111111