6 0.6276041666666666 0.47337962962962965 0.125 0.2986111111111111
6 0.18619791666666666 0.6597222222222222 0.2109375 0.2916666666666667
6 0.6087239583333334 0.2650462962962963 0.08984375 0.16898148148148148
7 0.2864583333333333 0.4479166666666667 0.14583333333333334 0.22916666666666666
7 0.13932291666666666 0.4236111111111111 0.1484375 0.2037037037037037
6 0.035807291666666664 0.6516203703703703 0.07161458333333333 0.24305555555555555
7 0.4134114583333333 0.6990740740740741 0.17317708333333334 0.2222222222222222
3 0.10416666666666667 0.2777777777777778 0.046875 0.14351851851851852
3 0.22721354166666666 0.39351851851851855 0.04296875 0.16203703703703703
3 0.130859375 0.5428240740740741 0.06901041666666667 0.1875
7 0.23111979166666666 0.24768518518518517 0.12109375 0.1388888888888889
6 0.3763020833333333 0.24189814814814814 0.11197916666666667 0.12731481481481483
3 0.15169270833333334 0.23726851851851852 0.053385416666666664 0.1087962962962963