7 0.252828125 0.5964537037037037 0.19798958333333333 0.32623148148148146
7 0.49785416666666665 0.25148148148148153 0.09855729166666666 0.14554629629629628
7 0.2516510416666667 0.2440648148148148 0.11440104166666668 0.13073148148148148
6 0.43341145833333333 0.4378611111111111 0.15505208333333334 0.30627777777777776
6 0.623109375 0.5892777777777778 0.17617708333333332 0.39985185185185185
6 0.053515625 0.6853425925925926 0.10703125 0.24476851851851855
5 0.4063333333333333 0.7228518518518519 0.211296875 0.1808796296296296
1 0.36842708333333335 0.21719444444444444 0.13738020833333334 0.0711574074074074
8 0.62753125 0.2931574074074074 0.13086979166666668 0.24742592592592594
3 0.12835416666666666 0.3255648148148148 0.06152083333333334 0.1826111111111111
3 0.1523125 0.4028888888888889 0.07610937499999999 0.1798611111111111
3 0.08200520833333333 0.4644814814814815 0.07609895833333334 0.20117592592592592