6 0.12122395833333334 0.4172592592592593 0.24244791666666668 0.4030462962962963
3 0.20178645833333334 0.1769351851851852 0.07090624999999999 0.1723796296296296
3 0.11038541666666667 0.15772222222222224 0.09224479166666667 0.18487962962962962
3 0.22040625 0.05931481481481482 0.072734375 0.11863888888888889
7 0.46335937499999996 0.22301851851851853 0.20661979166666666 0.32473148148148145
7 0.3464375 0.10863888888888888 0.174828125 0.21635185185185185
7 0.7098229166666666 0.10285185185185185 0.185046875 0.2057037037037037
4 0.6131979166666667 0.3458981481481481 0.22066666666666668 0.4248796296296296
4 0.20830729166666667 0.6325925925925926 0.3755729166666667 0.6762962962962963
6 0.45333854166666665 0.7675925925925926 0.36988541666666663 0.4648148148148148
6 0.8121614583333333 0.7201388888888889 0.28765625 0.5597222222222222
6 0.8556458333333333 0.3441018518518518 0.226734375 0.4048796296296296
6 0.8993854166666666 0.12508333333333332 0.14966145833333336 0.25015740740740744