7 0.08147395833333333 0.6170648148148148 0.16294791666666666 0.39549999999999996
7 0.8206822916666667 0.8452407407407407 0.2738072916666667 0.3095277777777778
7 0.4140625 0.07672222222222222 0.158484375 0.15079629629629632
6 0.2965052083333333 0.19113888888888889 0.203125 0.31349074074074074
6 0.4996302083333333 0.17526851851851852 0.165921875 0.2949722222222222
6 0.6912187500000001 0.19907407407407407 0.15773958333333335 0.30026851851851855
6 0.8463541666666666 0.42327777777777775 0.18675520833333334 0.42327777777777775
6 0.2622760416666667 0.5985462962962963 0.31175520833333337 0.5436481481481481
9 0.4419635416666667 0.7030462962962962 0.3645833333333333 0.5939166666666666
4 0.8991822916666667 0.16336111111111112 0.13169791666666666 0.32672222222222225
3 0.22544791666666666 0.08598148148148148 0.05803645833333334 0.17195370370370372
3 0.014880208333333334 0.31415740740740744 0.029760416666666668 0.22619444444444445