6 0.339703125 0.4522129629629629 0.271078125 0.4807592592592593
6 0.8851510416666667 0.37777777777777777 0.18071875 0.4
9 0.6469739583333334 0.16018518518518518 0.18769791666666666 0.32037037037037036
6 0.791625 0.8259444444444445 0.293671875 0.3481111111111111
3 0.093953125 0.3873888888888889 0.09415104166666667 0.29187962962962966
3 0.16246875 0.47700925925925924 0.08743229166666668 0.3311574074074074
3 0.22854166666666667 0.25216666666666665 0.06541145833333334 0.23649074074074075
3 0.20389583333333333 0.17437962962962963 0.06821354166666667 0.24012037037037035
3 0.16927083333333334 0.12234259259259259 0.06354166666666666 0.21760185185185185
7 0.5988854166666666 0.4863425925925926 0.2206875 0.38657407407407407
7 0.9098645833333333 0.08888888888888889 0.13222916666666668 0.17777777777777778