6 0.23828125 0.46875 0.16927083333333334 0.3125
3 0.365234375 0.41435185185185186 0.05078125 0.18981481481481483
3 0.654296875 0.5833333333333334 0.05859375 0.25
3 0.061197916666666664 0.4375 0.057291666666666664 0.20833333333333334
3 0.016927083333333332 0.5659722222222222 0.033854166666666664 0.23842592592592593
3 0.12565104166666666 0.36574074074074076 0.05078125 0.1574074074074074
3 0.17122395833333334 0.41435185185185186 0.05078125 0.18981481481481483
3 0.15950520833333334 0.30439814814814814 0.037760416666666664 0.1412037037037037
3 0.20442708333333334 0.2847222222222222 0.049479166666666664 0.16203703703703703
3 0.1484375 0.21180555555555555 0.028645833333333332 0.1087962962962963
3 0.20572916666666666 0.21296296296296297 0.026041666666666668 0.10648148148148148
3 0.263671875 0.21296296296296297 0.02734375 0.08796296296296297
3 0.39453125 0.21296296296296297 0.03125 0.09259259259259259
7 0.3098958333333333 0.27546296296296297 0.11979166666666667 0.18518518518518517
7 0.4381510416666667 0.5243055555555556 0.16536458333333334 0.27546296296296297
6 0.6080729166666666 0.3912037037037037 0.10416666666666667 0.22685185185185186
6 0.4674479166666667 0.25 0.09635416666666667 0.125