7 0.4654947916666667 0.38425925925925924 0.10286458333333333 0.19907407407407407
7 0.6256510416666666 0.5046296296296297 0.11848958333333333 0.22685185185185186
7 0.287109375 0.43287037037037035 0.11848958333333333 0.22685185185185186
6 0.173828125 0.3090277777777778 0.14453125 0.20601851851851852
6 0.16536458333333334 0.6238425925925926 0.20833333333333334 0.33101851851851855
6 0.3919270833333333 0.6365740740740741 0.15625 0.32407407407407407
6 0.61328125 0.6956018518518519 0.1640625 0.23842592592592593
6 0.61328125 0.3055555555555556 0.09895833333333333 0.16203703703703703
8 0.34375 0.2604166666666667 0.12239583333333333 0.1597222222222222
7 0.049479166666666664 0.6574074074074074 0.09895833333333333 0.2824074074074074
7 0.4772135416666667 0.22685185185185186 0.09505208333333333 0.09722222222222222
3 0.06510416666666667 0.3090277777777778 0.049479166666666664 0.16898148148148148