3 0.173734375 0.29232407407407407 0.06770833333333333 0.2433888888888889
3 0.20238020833333334 0.3888888888888889 0.07440625000000001 0.1534351851851852
3 0.3325885416666667 0.24139814814814814 0.068453125 0.20502777777777778
3 0.10007291666666666 0.19378703703703704 0.064734375 0.22619444444444445
3 0.03571354166666666 0.35317592592592595 0.07142708333333332 0.21693518518518518
6 0.1640625 0.7341296296296297 0.328125 0.53175
6 0.5107864583333334 0.6785740740740741 0.2864583333333333 0.5608425925925926
6 0.8043177083333333 0.8055555555555556 0.2797604166666667 0.3888888888888889
6 0.39359895833333336 0.36639814814814814 0.22023958333333335 0.3915370370370371
6 0.6186770833333333 0.3498703703703704 0.19866145833333335 0.38227777777777777
8 0.8820677083333333 0.23148148148148148 0.20015104166666667 0.46296296296296297
7 0.5241822916666666 0.14880555555555555 0.15550520833333334 0.24206481481481482
7 0.7135416666666666 0.09259259259259259 0.15625 0.18518518518518517