6 0.255859375 0.6296296296296297 0.31640625 0.5462962962962963
6 0.5950520833333334 0.5358796296296297 0.23177083333333334 0.44675925925925924
6 0.845703125 0.6215277777777778 0.21484375 0.5023148148148148
6 0.23697916666666666 0.21180555555555555 0.23958333333333334 0.3263888888888889
6 0.900390625 0.1400462962962963 0.12369791666666667 0.2800925925925926
7 0.427734375 0.34375 0.18098958333333334 0.30324074074074076
9 0.06315104166666667 0.5428240740740741 0.12630208333333334 0.5578703703703703
3 0.5748697916666666 0.2743055555555556 0.06640625 0.19212962962962962
3 0.166015625 0.11805555555555555 0.07682291666666667 0.17592592592592593
3 0.3600260416666667 0.11226851851851852 0.06901041666666667 0.22453703703703703
7 0.7311197916666666 0.08912037037037036 0.14192708333333334 0.17824074074074073
6 0.5188802083333334 0.11226851851851852 0.17317708333333334 0.22453703703703703