7 0.2507447916666667 0.623675925925926 0.2723229166666667 0.41137962962962965
7 0.6253697916666667 0.33994444444444444 0.17931770833333335 0.2910092592592593
7 0.8816979166666666 0.244712962962963 0.14880729166666665 0.25925925925925924
7 0.47953645833333336 0.21296296296296297 0.17633854166666665 0.25397222222222227
6 0.185640625 0.28571296296296295 0.247765625 0.3306851851851852
6 0.7875729166666667 0.7989444444444445 0.27157812499999995 0.4021203703703704
6 0.41331770833333337 0.8406111111111111 0.3191979166666667 0.31878703703703704
6 0.865328125 0.5066111111111111 0.1875 0.42592592592592593
7 0.7135416666666666 0.08928703703703704 0.14434375 0.17857407407407408
6 0.5695677083333333 0.05687962962962963 0.13169791666666666 0.11375925925925925
3 0.359375 0.10846296296296297 0.05803645833333334 0.21163888888888888