7 0.21441145833333333 0.7037037037037037 0.296875 0.4691388888888889
7 0.6597239583333334 0.23302777777777778 0.16666666666666666 0.29321296296296295
7 0.828125 0.5354907407407408 0.22916666666666666 0.38580555555555557
7 0.8237864583333334 0.8580277777777777 0.265625 0.28394444444444444
6 0.435765625 0.7546296296296297 0.3402760416666667 0.49074074074074076
6 0.4036458333333333 0.2993796296296296 0.21006770833333333 0.3827129629629629
7 0.17274479166666667 0.3688240740740741 0.26215104166666664 0.3425925925925926
6 0.8940989583333334 0.16358333333333333 0.16666666666666666 0.3271574074074074
3 0.19704687499999998 0.0941388888888889 0.07118229166666666 0.17592592592592593
3 0.12760416666666666 0.18055555555555555 0.07465104166666667 0.20062037037037037
7 0.3836822916666666 0.08025 0.16666666666666666 0.16049074074074074
3 0.474421875 0.06255555555555556 0.073890625 0.09591666666666666