3 0.39291666666666664 0.3306574074074074 0.06365104166666666 0.1465
3 0.18121354166666667 0.4288240740740741 0.054760416666666666 0.15763888888888888
3 0.13785416666666667 0.5373796296296296 0.06945312499999999 0.1854351851851852
3 0.10061979166666667 0.27231481481481484 0.05188020833333333 0.15944444444444444
3 0.14150520833333333 0.34917592592592595 0.07948958333333334 0.14650925925925926
3 0.10022395833333334 0.44363888888888886 0.048890625 0.15024074074074073
3 0.16233333333333333 0.21812037037037035 0.035078124999999995 0.06930555555555555
9 0.27261979166666667 0.4313796296296296 0.1896614583333333 0.35257407407407404
6 0.41843749999999996 0.5563981481481481 0.20009895833333333 0.38039814814814815
6 0.6027968749999999 0.5823333333333333 0.16471875 0.3952222222222222
7 0.4788385416666667 0.2753055555555555 0.09778125 0.17254629629629628
8 0.5939322916666666 0.2924259259259259 0.10921874999999999 0.22162037037037036