3 0.14189583333333333 0.12553703703703706 0.06569270833333334 0.17144444444444445
7 0.5038541666666666 0.7189351851851852 0.2792760416666667 0.4925
7 0.4528125 0.3123796296296296 0.20427083333333332 0.32753703703703707
6 0.23249479166666667 0.6010925925925925 0.3134270833333333 0.5392407407407407
6 0.11927083333333334 0.39341666666666664 0.23854166666666668 0.4433240740740741
6 0.2909791666666666 0.1825 0.24929166666666666 0.36500925925925926
6 0.7146354166666666 0.15564814814814815 0.178015625 0.31128703703703703
6 0.5500520833333333 0.09637037037037037 0.15948437499999998 0.19273148148148148
6 0.91265625 0.0972962962962963 0.13208333333333333 0.19458333333333333
9 0.8486145833333333 0.5466944444444444 0.225171875 0.5554166666666667
9 0.7984635416666667 0.8358796296296296 0.32296875 0.3282407407407407