6 0.11533854166666666 0.41587037037037033 0.19171875000000002 0.33544444444444443
6 0.423125 0.5621851851851851 0.1803125 0.3688240740740741
6 0.28446354166666665 0.36400925925925925 0.17377604166666666 0.28726851851851853
6 0.6319583333333333 0.47421296296296295 0.14805208333333333 0.30397222222222225
6 0.6246562499999999 0.6770092592592593 0.20191666666666666 0.2651388888888889
6 0.35659375 0.23712037037037034 0.10765104166666667 0.10757407407407409
8 0.47481249999999997 0.2838981481481482 0.14204166666666668 0.2289074074074074
7 0.18434375 0.6733148148148148 0.23599479166666668 0.27625
7 0.6159479166666666 0.26837962962962963 0.10977604166666667 0.19325
3 0.16272395833333334 0.21721296296296297 0.04486458333333333 0.09552777777777778
0 0.09671354166666667 0.2607407407407408 0.054484375 0.12702777777777777