6 0.47885416666666664 0.15935185185185186 0.21469270833333332 0.31869444444444445
6 0.24710416666666665 0.6085092592592594 0.3594322916666667 0.5799907407407408
6 0.4651875 0.7664351851851852 0.38525 0.4671296296296296
6 0.8624114583333333 0.2852962962962963 0.20277604166666666 0.3705925925925926
6 0.7255625 0.07430555555555556 0.16674479166666664 0.1486111111111111
6 0.8409322916666666 0.767824074074074 0.2993802083333333 0.4643611111111111
7 0.6245416666666667 0.3948055555555555 0.22278645833333333 0.3627592592592592
6 0.3783229166666667 0.09166666666666666 0.178 0.18333333333333332
6 0.9052343749999999 0.07314814814814814 0.14067708333333334 0.14629629629629629
3 0.1710625 0.15842592592592591 0.10944270833333333 0.2760925925925926
3 0.25971875 0.06388888888888888 0.0631875 0.12777777777777777
3 0.045703125 0.31422222222222224 0.09140625 0.26828703703703705
3 0.04049479166666667 0.5374166666666667 0.08098958333333334 0.3702037037037037