9 0.3942239583333333 0.24571296296296297 0.25373958333333335 0.4164259259259259
9 0.8972916666666666 0.24541666666666667 0.18989062499999998 0.44990740740740737
6 0.6263645833333332 0.24894444444444447 0.24518229166666666 0.33955555555555555
6 0.5430416666666668 0.6436944444444445 0.31807812500000004 0.5133148148148148
6 0.210515625 0.2304351851851852 0.25917708333333334 0.4136388888888889
6 0.7484739583333333 0.8731759259259259 0.28672916666666665 0.2536481481481481
7 0.18111979166666667 0.7652777777777777 0.36223958333333334 0.46944444444444444
3 0.05872395833333333 0.6374351851851852 0.11744791666666667 0.3665277777777778
3 0.11845833333333333 0.1963888888888889 0.09172395833333334 0.26685185185185184
3 0.5669895833333333 0.13062962962962965 0.0826875 0.20941666666666667
3 0.23576041666666667 0.03871296296296296 0.06735416666666666 0.06723148148148148