7 0.5045572916666666 0.16435185185185186 0.16015625 0.25462962962962965
7 0.83984375 0.35532407407407407 0.16666666666666666 0.28935185185185186
7 0.8072916666666666 0.7037037037037037 0.21614583333333334 0.4212962962962963
7 0.08723958333333333 0.5995370370370371 0.17447916666666666 0.375
7 0.3860677083333333 0.09027777777777778 0.16796875 0.18055555555555555
3 0.271484375 0.23032407407407407 0.07942708333333333 0.26157407407407407
3 0.10677083333333333 0.3090277777777778 0.078125 0.22453703703703703
3 0.17513020833333334 0.1412037037037037 0.07421875 0.24074074074074073
3 0.06966145833333333 0.2465277777777778 0.08203125 0.2662037037037037
3 0.251953125 0.06365740740740741 0.06380208333333333 0.12731481481481483
6 0.4869791666666667 0.6724537037037037 0.2916666666666667 0.5810185185185185
6 0.6731770833333334 0.20023148148148148 0.17708333333333334 0.2986111111111111
7 0.15234375 0.8171296296296297 0.3046875 0.36574074074074076
7 0.90625 0.08796296296296297 0.13020833333333334 0.17592592592592593