4 0.4596354166666667 0.3333333333333333 0.10677083333333333 0.25
6 0.27734375 0.4537037037037037 0.14583333333333334 0.27314814814814814
6 0.6158854166666666 0.5358796296296297 0.12760416666666666 0.27546296296296297
6 0.3997395833333333 0.6863425925925926 0.19010416666666666 0.26157407407407407
3 0.078125 0.5462962962962963 0.07552083333333333 0.2222222222222222
3 0.107421875 0.37962962962962965 0.05859375 0.18981481481481483
3 0.19921875 0.39699074074074076 0.033854166666666664 0.2013888888888889
3 0.19140625 0.2662037037037037 0.0390625 0.14351851851851852
3 0.125 0.24305555555555555 0.0546875 0.12962962962962962
7 0.3372395833333333 0.27314814814814814 0.11979166666666667 0.16666666666666666
7 0.6171875 0.24421296296296297 0.07291666666666667 0.11342592592592593