3 0.24332291666666667 0.07787962962962963 0.07400520833333334 0.15575925925925926
3 0.08080729166666667 0.1888240740740741 0.08236458333333332 0.21798148148148147
6 0.14953645833333334 0.3920092592592593 0.2990729166666667 0.4539814814814815
6 0.47515625 0.7658425925925926 0.38950520833333335 0.4683148148148148
6 0.17076041666666666 0.7400185185185185 0.34152604166666667 0.5055648148148149
6 0.8742708333333333 0.32716666666666666 0.20794270833333334 0.4057777777777778
6 0.40040624999999996 0.08385185185185186 0.169328125 0.16769444444444445
3 0.47973958333333333 0.04761111111111111 0.06158333333333333 0.09522222222222222
7 0.6577031249999999 0.25275000000000003 0.19524479166666667 0.29767592592592595
7 0.48384375 0.2078796296296296 0.184625 0.3116481481481481
6 0.9109739583333333 0.07838888888888888 0.12796875 0.14896296296296296