7 0.5390625 0.6782407407407407 0.2421875 0.4398148148148148
7 0.8404947916666666 0.6134259259259259 0.20703125 0.39351851851851855
7 0.22135416666666666 0.7013888888888888 0.3151041666666667 0.46296296296296297
7 0.400390625 0.3298611111111111 0.20703125 0.30324074074074076
7 0.7005208333333334 0.08912037037037036 0.13802083333333334 0.17824074074074073
6 0.87109375 0.25578703703703703 0.16927083333333334 0.3726851851851852
6 0.8346354166666666 0.8784722222222222 0.22395833333333334 0.24305555555555555
3 0.044921875 0.6678240740740741 0.08984375 0.3819444444444444
3 0.18880208333333334 0.28587962962962965 0.08854166666666667 0.2662037037037037
3 0.291015625 0.1388888888888889 0.06380208333333333 0.23148148148148148
3 0.345703125 0.08796296296296297 0.05859375 0.17592592592592593