6 0.15192708333333332 0.6318796296296296 0.24614583333333334 0.3739351851851852
3 0.15621875 0.41285185185185186 0.07350520833333334 0.18587962962962962
3 0.13720833333333332 0.3204722222222222 0.054234374999999994 0.12612037037037038
3 0.17873958333333334 0.2790277777777778 0.041479166666666664 0.1497222222222222
6 0.29488020833333334 0.3700185185185185 0.18419791666666668 0.23449074074074075
3 0.23225 0.3010277777777778 0.0464375 0.16130555555555556
3 0.119890625 0.2565740740740741 0.04459375 0.1279537037037037
3 0.039296875 0.35589814814814813 0.07296354166666667 0.17382407407407408
3 0.06533854166666667 0.523287037037037 0.06255208333333333 0.23546296296296299
3 0.269484375 0.2452222222222222 0.039671875 0.12841666666666665
6 0.457625 0.3836851851851852 0.15557812499999998 0.26644444444444443
3 0.42207812499999997 0.2676851851851852 0.05740625 0.11313888888888889
3 0.23264062500000002 0.22508333333333333 0.03263541666666667 0.0835
3 0.028776041666666665 0.6744351851851852 0.05755208333333333 0.2261388888888889
6 0.6248020833333333 0.5800185185185185 0.16497916666666665 0.39985185185185185
4 0.3746927083333333 0.6844166666666667 0.245921875 0.2429166666666667
6 0.6103489583333332 0.24824074074074076 0.12357812500000001 0.16685185185185183
7 0.49785416666666665 0.2317962962962963 0.09855729166666666 0.11081481481481482
6 0.37572395833333333 0.21675 0.08946875 0.0853425925925926