3 0.14319791666666667 0.5598611111111111 0.09954166666666667 0.18824074074074076
3 0.03528645833333333 0.3107592592592593 0.07057291666666667 0.2826296296296296
7 0.25452083333333336 0.24732407407407409 0.21804166666666666 0.29464814814814816
3 0.2834114583333333 0.03611111111111111 0.07411979166666667 0.07222222222222222
7 0.49121875 0.14267592592592593 0.18735416666666668 0.25201851851851853
5 0.8033072916666666 0.7203240740740741 0.31578124999999996 0.5415833333333333
6 0.84809375 0.28714814814814815 0.215796875 0.39282407407407405
6 0.12513020833333333 0.8011574074074074 0.25026041666666665 0.3976851851851852
6 0.5278125 0.6781944444444444 0.31469270833333335 0.6147314814814815
6 0.6478489583333332 0.24849074074074073 0.21523958333333332 0.4034537037037037
6 0.38628124999999996 0.34225925925925926 0.23577083333333335 0.45673148148148146
6 0.7251822916666666 0.08247222222222221 0.15953125 0.16494444444444442