9 0.24479166666666666 0.6180555555555556 0.3515625 0.6435185185185185
9 0.4192708333333333 0.2534722222222222 0.2421875 0.3958333333333333
9 0.6822916666666666 0.17939814814814814 0.1640625 0.33564814814814814
7 0.8600260416666666 0.48148148148148145 0.18098958333333334 0.38425925925925924
7 0.552734375 0.6493055555555556 0.22526041666666666 0.40046296296296297
6 0.8951822916666666 0.13425925925925927 0.13671875 0.26851851851851855
6 0.07356770833333333 0.5833333333333334 0.14713541666666666 0.49537037037037035
7 0.814453125 0.9155092592592593 0.21484375 0.16898148148148148
3 0.14453125 0.13078703703703703 0.06510416666666667 0.21064814814814814
3 0.029296875 0.2569444444444444 0.05859375 0.18981481481481483
6 0.3645833333333333 0.11921296296296297 0.1875 0.23842592592592593