3 0.02421875 0.37500925925925926 0.0484375 0.17502777777777778
3 0.06728645833333333 0.31392592592592594 0.06386979166666666 0.16395370370370368
3 0.113375 0.2590925925925926 0.0498125 0.0959537037037037
3 0.14592708333333335 0.2236851851851852 0.052421875 0.06681481481481481
6 0.13017708333333333 0.38401851851851854 0.17506770833333332 0.27175
7 0.48535416666666664 0.32016666666666665 0.11053645833333332 0.19958333333333333
7 0.23329166666666667 0.2738888888888889 0.11466666666666667 0.1625925925925926
7 0.43536458333333333 0.6452777777777777 0.17927604166666666 0.2896296296296296
6 0.288234375 0.47102777777777777 0.15581770833333333 0.2976111111111111
6 0.158171875 0.688787037037037 0.24147395833333332 0.265537037037037
6 0.36453125 0.24588888888888888 0.1021875 0.14825925925925926
6 0.6488906249999999 0.4610740740740741 0.17930729166666665 0.32862962962962966
6 0.6292239583333333 0.2627777777777778 0.10665104166666667 0.15889814814814815