3 0.3029791666666667 0.5682222222222222 0.09554166666666666 0.35615740740740737
3 0.11538020833333333 0.32728703703703704 0.08284375000000001 0.2602407407407407
3 0.23222395833333334 0.17679629629629628 0.07903125000000001 0.2538148148148148
3 0.37272916666666667 0.12249074074074073 0.057958333333333334 0.22167592592592592
6 0.45773958333333337 0.2008888888888889 0.18631770833333333 0.33525925925925926
6 0.8440989583333334 0.3980740740740741 0.19652604166666665 0.43349074074074073
6 0.41958854166666665 0.8369629629629629 0.31626041666666665 0.3223703703703704
6 0.13048958333333333 0.7732777777777777 0.26097916666666665 0.44232407407407404
7 0.6615364583333334 0.19356481481481483 0.160578125 0.2610092592592593
6 0.8801354166666666 0.13148148148148148 0.1581875 0.26296296296296295
7 0.7730416666666666 0.7911481481481482 0.28956770833333334 0.4176944444444445