9 0.6290833333333333 0.35582407407407407 0.10633854166666666 0.10794444444444444
9 0.4015416666666667 0.6441481481481481 0.166 0.3278333333333333
6 0.12346354166666668 0.708212962962963 0.22307291666666668 0.21046296296296296
6 0.4609947916666667 0.3357037037037037 0.11038020833333334 0.23305555555555554
6 0.12344270833333333 0.4305277777777778 0.176625 0.297537037037037
6 0.24298437499999997 0.2599351851851852 0.11002083333333333 0.1434074074074074
6 0.61521875 0.2587777777777778 0.08934895833333334 0.1543425925925926
4 0.30197916666666663 0.38586111111111115 0.14950520833333333 0.30934259259259256
9 0.6328541666666666 0.60625 0.163375 0.40263888888888894
3 0.07468229166666666 0.32937037037037037 0.047609374999999995 0.1682037037037037
3 0.15303645833333332 0.23007407407407407 0.044421875000000006 0.09545370370370371