7 0.26063020833333334 0.26087037037037036 0.22353645833333333 0.27637962962962964
3 0.18814583333333335 0.11551851851851852 0.056 0.21251851851851852
3 0.03125 0.3171481481481481 0.0625 0.27319444444444446
3 0.16793229166666668 0.42714814814814817 0.08601041666666666 0.25707407407407407
6 0.20498958333333334 0.6818703703703703 0.311375 0.5072592592592593
6 0.44059895833333335 0.2548796296296296 0.22036458333333334 0.36625
6 0.5859166666666666 0.496787037037037 0.19796354166666666 0.45191666666666663
7 0.8498697916666667 0.7916666666666666 0.21171354166666667 0.4166666666666667
9 0.8486875 0.3017314814814815 0.19845833333333335 0.44605555555555554
6 0.7015833333333333 0.1269537037037037 0.15709895833333334 0.2539074074074074
3 0.4183385416666667 0.06121296296296296 0.053119791666666666 0.12242592592592592
3 0.37759895833333335 0.05843518518518519 0.042 0.11687037037037037