6 0.26171875 0.5405092592592593 0.16927083333333334 0.33101851851851855
6 0.4348958333333333 0.4837962962962963 0.1328125 0.32407407407407407
6 0.6165364583333334 0.3645833333333333 0.12630208333333334 0.2847222222222222
6 0.3509114583333333 0.27314814814814814 0.11848958333333333 0.17592592592592593
6 0.22786458333333334 0.2604166666666667 0.11197916666666667 0.1597222222222222
6 0.4850260416666667 0.2650462962962963 0.10026041666666667 0.16435185185185186
7 0.09635416666666667 0.4826388888888889 0.18489583333333334 0.2662037037037037
7 0.6334635416666666 0.6967592592592593 0.14973958333333334 0.21296296296296297
4 0.376953125 0.7233796296296297 0.23046875 0.18287037037037038
0 0.09049479166666667 0.28587962962962965 0.053385416666666664 0.16898148148148148
3 0.154296875 0.24189814814814814 0.04296875 0.1597222222222222