1 0.8535885416666668 0.41775 0.25115625 0.4719166666666667
4 0.12511458333333333 0.696962962962963 0.24352604166666666 0.2198425925925926
9 0.08456770833333334 0.5381666666666667 0.16211979166666665 0.39485185185185184
6 0.6159531250000001 0.5565 0.14024479166666665 0.36108333333333337
6 0.39468749999999997 0.7129814814814814 0.18146354166666667 0.19262962962962962
6 0.2700885416666667 0.48660185185185184 0.17440104166666667 0.32505555555555554
6 0.22432291666666665 0.2741574074074074 0.13468229166666665 0.1779537037037037
6 0.35625520833333335 0.24697222222222223 0.10623958333333333 0.13468518518518519
6 0.4781197916666667 0.26307407407407407 0.08958854166666666 0.15534259259259262
6 0.6102760416666667 0.2835462962962963 0.09194791666666666 0.19215740740740742
7 0.447609375 0.46794444444444444 0.11102604166666666 0.23219444444444445