1 0.85796875 0.41310185185185183 0.272703125 0.4780555555555555
7 0.6365052083333332 0.5594074074074074 0.16571875 0.2706574074074074
7 0.096484375 0.5209722222222222 0.19296875 0.29564814814814816
6 0.4546354166666667 0.45662037037037034 0.164171875 0.3428611111111111
7 0.49147395833333335 0.2505555555555556 0.08788020833333333 0.1251759259259259
7 0.37026041666666665 0.25472222222222224 0.093328125 0.14276851851851852
6 0.6246666666666666 0.24870370370370373 0.10014062500000001 0.1585185185185185
6 0.27691666666666664 0.45962037037037035 0.19408854166666664 0.3257314814814815
6 0.22990104166666667 0.27228703703703705 0.12073958333333333 0.1739351851851852
3 0.10908333333333334 0.2690740740740741 0.06880729166666667 0.1622222222222222
3 0.3168802083333333 0.22832407407407407 0.028223958333333334 0.09924074074074074