6 0.49200520833333333 0.7027777777777777 0.33681770833333335 0.5944537037037037
6 0.186328125 0.6958333333333333 0.37265625 0.6083333333333333
6 0.8634583333333333 0.5038518518518518 0.242359375 0.42992592592592593
6 0.8809010416666666 0.1665185185185185 0.17101041666666666 0.28582407407407406
6 0.26129166666666664 0.1899074074074074 0.24616145833333333 0.36500925925925926
7 0.392921875 0.31307407407407406 0.27196354166666664 0.31503703703703706
7 0.7033124999999999 0.14637962962962964 0.161609375 0.27794444444444444
7 0.86109375 0.8393518518518519 0.23729166666666668 0.3212962962962963
3 0.6867760416666666 0.46402777777777776 0.12436979166666666 0.3576851851851852
3 0.06002604166666667 0.2579722222222222 0.12005208333333334 0.2696481481481482
3 0.4522864583333333 0.4373888888888889 0.11157291666666666 0.22571296296296298
6 0.5418541666666666 0.10092592592592593 0.16130729166666666 0.20185185185185187