3 0.24201041666666667 0.2549166666666667 0.052958333333333336 0.13390740740740742
3 0.15308333333333335 0.22831481481481483 0.056328125 0.07607407407407407
7 0.145796875 0.3738425925925926 0.14382291666666666 0.2513888888888889
6 0.26766666666666666 0.4268240740740741 0.170921875 0.2971759259259259
6 0.06263020833333334 0.6214259259259259 0.12526041666666668 0.4039629629629629
6 0.13798958333333333 0.726287037037037 0.21152604166666666 0.18312962962962964
6 0.3496875 0.2558425925925926 0.11624999999999999 0.15426851851851853
6 0.4936875 0.32108333333333333 0.093875 0.2199537037037037
6 0.6254531249999999 0.42103703703703704 0.13243229166666667 0.30874999999999997
6 0.6138645833333333 0.2734166666666667 0.11133854166666667 0.18943518518518518
8 0.42768229166666666 0.5429722222222222 0.17641145833333333 0.4461296296296296