3 0.0625 0.3113425925925926 0.046875 0.16435185185185186
3 0.051432291666666664 0.4409722222222222 0.05859375 0.19675925925925927
3 0.03125 0.5856481481481481 0.0625 0.26851851851851855
3 0.4205729166666667 0.2488425925925926 0.041666666666666664 0.12268518518518519
6 0.24609375 0.45717592592592593 0.18489583333333334 0.33101851851851855
6 0.423828125 0.6030092592592593 0.15755208333333334 0.3726851851851852
6 0.619140625 0.5069444444444444 0.11328125 0.24074074074074073
7 0.4557291666666667 0.36921296296296297 0.1171875 0.18287037037037038
7 0.6100260416666666 0.3425925925925926 0.09765625 0.16203703703703703
6 0.23893229166666666 0.22800925925925927 0.11848958333333333 0.11805555555555555
3 0.15755208333333334 0.22685185185185186 0.0390625 0.09722222222222222
6 0.10221354166666667 0.7337962962962963 0.20442708333333334 0.17592592592592593
6 0.6321614583333334 0.7268518518518519 0.15494791666666666 0.1574074074074074