6 0.34161458333333333 0.28498148148148145 0.10634895833333333 0.24033333333333334
6 0.169625 0.34005555555555556 0.17689583333333334 0.26714814814814813
6 0.45723437499999997 0.43030555555555555 0.15636458333333333 0.2717222222222222
7 0.6030572916666667 0.37084259259259256 0.13555208333333332 0.2129814814814815
7 0.39526041666666667 0.6813796296296296 0.19697916666666665 0.26925000000000004
3 0.030078125 0.3821851851851852 0.06015625 0.19399074074074074
9 0.25490625 0.4606018518518518 0.21206250000000001 0.35547222222222224
4 0.13098958333333333 0.6475925925925926 0.26197916666666665 0.3220277777777778
3 0.085640625 0.2773611111111111 0.05058854166666667 0.15564814814814815
3 0.16610416666666666 0.19823148148148148 0.051125 0.06220370370370371
6 0.6147760416666667 0.6054537037037037 0.17982291666666667 0.4136944444444445