6 0.40034375 0.6578055555555555 0.22847916666666668 0.31467592592592597
6 0.37533333333333335 0.23085185185185184 0.09649479166666668 0.09476851851851852
7 0.29084374999999996 0.40752777777777777 0.14279166666666668 0.22616666666666665
3 0.2431875 0.3186203703703704 0.0558125 0.1409351851851852
3 0.06377604166666667 0.41747222222222224 0.06567708333333333 0.15810185185185185
3 0.11832812499999999 0.24685185185185188 0.06855208333333333 0.13628703703703704
3 0.14280729166666667 0.3815925925925926 0.07168229166666666 0.19281481481481483
3 0.17261979166666666 0.4376203703703704 0.06673958333333332 0.16598148148148148
3 0.22990625 0.22716666666666668 0.04591666666666667 0.08303703703703705
3 0.28628125 0.21419444444444447 0.0399375 0.057101851851851855
7 0.472078125 0.317 0.13448958333333336 0.18862962962962962
7 0.06783854166666667 0.6547962962962962 0.13567708333333334 0.31328703703703703
7 0.15713541666666667 0.6874259259259259 0.22531770833333334 0.24430555555555558
7 0.635734375 0.4570740740740741 0.12852604166666667 0.28637037037037033