6 0.8497291666666666 0.39578703703703705 0.19164583333333332 0.4028703703703704
6 0.637203125 0.309462962962963 0.19955208333333332 0.38282407407407404
6 0.4672604166666667 0.1598240740740741 0.18006250000000001 0.31963888888888886
6 0.20800000000000002 0.7199074074074074 0.3157760416666667 0.5601851851851852
6 0.7966979166666667 0.8333333333333334 0.2861041666666667 0.3333333333333333
6 0.907671875 0.0787037037037037 0.13565624999999998 0.1574074074074074
7 0.7304947916666666 0.07828703703703703 0.13015625 0.15656481481481482
7 0.40136979166666664 0.9282407407407407 0.254546875 0.14351851851851852
3 0.217640625 0.24850925925925924 0.10117708333333333 0.1914722222222222
3 0.20475520833333333 0.41405555555555557 0.06965625 0.2308888888888889
3 0.043619791666666664 0.6678333333333333 0.08723958333333333 0.3865925925925926
3 0.06533333333333333 0.2211388888888889 0.07505729166666668 0.24783333333333335
3 0.2725104166666667 0.11812962962962963 0.06174479166666667 0.23163888888888887