7 0.20752604166666666 0.7302777777777778 0.34067708333333335 0.4735185185185185
7 0.4798958333333333 0.8127314814814814 0.3271822916666667 0.37453703703703706
6 0.39539583333333334 0.3336851851851852 0.23316666666666666 0.38866666666666666
6 0.6047552083333334 0.40499999999999997 0.23111979166666666 0.4757407407407407
6 0.8699635416666667 0.3130833333333333 0.20330208333333333 0.4632037037037037
6 0.8535208333333333 0.7826388888888889 0.29296354166666666 0.43472222222222223
6 0.14075520833333333 0.32789814814814816 0.28151041666666665 0.43728703703703703
3 0.19944270833333333 0.07043518518518518 0.07038541666666666 0.14087037037037037
6 0.34240624999999997 0.12600925925925927 0.195921875 0.25200925925925927
6 0.5156979166666666 0.1121111111111111 0.19047916666666667 0.2242222222222222
6 0.6991458333333332 0.09451851851851852 0.15952604166666667 0.1890277777777778