3 0.11494270833333334 0.2769444444444445 0.05969791666666667 0.15018518518518517
6 0.08736979166666667 0.5228333333333333 0.17473958333333334 0.3410462962962963
3 0.021614583333333333 0.35635185185185186 0.043229166666666666 0.14697222222222223
7 0.3335520833333333 0.33900925925925923 0.13029166666666667 0.22337962962962962
3 0.29383333333333334 0.21049074074074076 0.032463541666666665 0.07531481481481482
7 0.49447395833333335 0.2132777777777778 0.08969791666666667 0.059898148148148145
6 0.5969427083333334 0.2862222222222222 0.12174479166666667 0.21039814814814814
6 0.21063541666666669 0.25912962962962965 0.11345833333333334 0.17937037037037037
6 0.44916666666666666 0.35660185185185184 0.1178125 0.20300925925925925
6 0.6143906250000001 0.5080185185185185 0.15455729166666668 0.3114074074074074
6 0.41271354166666663 0.6124351851851851 0.19071875 0.37672222222222224
6 0.19046875 0.6330462962962964 0.20031770833333334 0.339212962962963
6 0.6212760416666666 0.7332685185185185 0.15869791666666666 0.14617592592592593