6 0.3509114583333333 0.3773148148148148 0.24869791666666666 0.4074074074074074
6 0.13932291666666666 0.35648148148148145 0.2786458333333333 0.41203703703703703
6 0.61328125 0.34953703703703703 0.20052083333333334 0.35648148148148145
6 0.12239583333333333 0.8043981481481481 0.24479166666666666 0.3912037037037037
7 0.8365885416666666 0.6238425925925926 0.22526041666666666 0.4930555555555556
7 0.8912760416666666 0.06597222222222222 0.12630208333333334 0.13194444444444445
7 0.419921875 0.05787037037037037 0.12369791666666667 0.11574074074074074
7 0.5390625 0.08564814814814815 0.1484375 0.1712962962962963
6 0.6809895833333334 0.11226851851851852 0.16145833333333334 0.22453703703703703
6 0.8782552083333334 0.2962962962962963 0.17578125 0.3472222222222222
9 0.3352864583333333 0.8425925925925926 0.4075520833333333 0.3148148148148148
6 0.767578125 0.9097222222222222 0.2513020833333333 0.18055555555555555