9 0.084953125 0.5690462962962963 0.16990625 0.6006388888888889
9 0.20039583333333333 0.17278703703703704 0.3630625 0.34558333333333335
6 0.385109375 0.39037037037037037 0.28417708333333336 0.48032407407407407
6 0.1469322916666667 0.8084351851851852 0.2938645833333334 0.3831296296296296
6 0.5175260416666666 0.7158888888888889 0.3193489583333333 0.5276666666666666
6 0.8131510416666666 0.5165462962962963 0.23643229166666666 0.5178703703703703
6 0.5398125 0.11185185185185186 0.17685937499999999 0.22369444444444445
3 0.4291041666666667 0.09208333333333334 0.0538125 0.18416666666666667
5 0.6698541666666666 0.23011111111111113 0.21469270833333332 0.3264814814814815
6 0.9015260416666667 0.16321296296296298 0.17426041666666667 0.3186111111111111
6 0.8119895833333334 0.8658425925925926 0.24708333333333332 0.2683148148148148