6 0.4869791666666667 0.7534722222222222 0.3151041666666667 0.4930555555555556
6 0.8776041666666666 0.2835648148148148 0.15885416666666666 0.34953703703703703
6 0.3509114583333333 0.4756944444444444 0.26171875 0.4513888888888889
7 0.318359375 0.17476851851851852 0.18880208333333334 0.24768518518518517
7 0.564453125 0.0763888888888889 0.14973958333333334 0.1527777777777778
6 0.6783854166666666 0.16666666666666666 0.16666666666666666 0.27314814814814814
3 0.8483072916666666 0.9120370370370371 0.07942708333333333 0.17592592592592593
3 0.11197916666666667 0.375 0.0859375 0.3148148148148148
3 0.22721354166666666 0.08564814814814815 0.045572916666666664 0.1712962962962963
0 0.123046875 0.1724537037037037 0.05859375 0.20601851851851852
6 0.034505208333333336 0.6435185185185185 0.06901041666666667 0.41203703703703703
6 0.9075520833333334 0.04861111111111111 0.1171875 0.09722222222222222