1 0.8294583333333333 0.38925925925925925 0.23391145833333335 0.4072037037037037
7 0.436796875 0.4853240740740741 0.14515625 0.27064814814814814
7 0.25113541666666667 0.6050185185185185 0.198765625 0.3202314814814815
6 0.0984375 0.4559259259259259 0.196875 0.33685185185185185
6 0.6173802083333333 0.525611111111111 0.15221354166666667 0.3234444444444444
6 0.6011041666666667 0.3070555555555556 0.12383333333333332 0.21966666666666668
3 0.260765625 0.27649074074074076 0.038885416666666665 0.15853703703703703
3 0.42207812499999997 0.31283333333333335 0.046984374999999995 0.11548148148148148
3 0.22821354166666669 0.32349074074074075 0.03627604166666667 0.1645648148148148
3 0.16259375 0.25819444444444445 0.03209895833333334 0.0987962962962963
3 0.21688541666666666 0.22785185185185186 0.042625 0.09614814814814815
9 0.32626041666666666 0.32210185185185186 0.14488020833333334 0.2636574074074074