3 0.349984375 0.7650925925925925 0.086484375 0.4005648148148148
7 0.27415625 0.2571759259259259 0.217578125 0.2819351851851852
7 0.041015625 0.7045833333333333 0.08203125 0.22861111111111113
7 0.64453125 0.3507314814814815 0.177078125 0.2940555555555555
4 0.49844791666666666 0.7268518518518519 0.33383333333333337 0.5462962962962963
6 0.8493958333333332 0.570537037037037 0.22744270833333333 0.4885555555555555
6 0.8699947916666667 0.20544444444444443 0.14803125 0.2766296296296296
6 0.7218177083333334 0.08942592592592592 0.13969270833333333 0.17885185185185185
6 0.4857135416666667 0.21108333333333335 0.18221875 0.3156851851851852
6 0.5830364583333334 0.055546296296296295 0.11777604166666666 0.11109259259259259
6 0.763890625 0.9074074074074074 0.235234375 0.18518518518518517