3 0.11767708333333333 0.4042777777777778 0.06725 0.17337962962962963
3 0.110125 0.2667592592592593 0.0563125 0.14833333333333332
3 0.034609375000000005 0.3413055555555556 0.06150520833333333 0.14001851851851851
3 0.03854166666666667 0.4709351851851852 0.07708333333333334 0.15627777777777777
7 0.2918854166666666 0.42766666666666664 0.16154166666666667 0.2525648148148148
7 0.6188125 0.33228703703703705 0.13008854166666667 0.2655
6 0.6165989583333332 0.648074074074074 0.196484375 0.3230092592592593
6 0.14867187499999998 0.6457592592592593 0.21880208333333334 0.3276388888888889
6 0.46804166666666663 0.30565740740740743 0.13475 0.24465740740740743
7 0.049609375 0.6612685185185185 0.09921875 0.289212962962963
8 0.3181927083333333 0.6615 0.31205208333333334 0.30356481481481484