9 0.3522135416666667 0.38078703703703703 0.33984375 0.6597222222222222
6 0.18489583333333334 0.3090277777777778 0.2265625 0.4097222222222222
6 0.080078125 0.8182870370370371 0.16015625 0.36342592592592593
6 0.040364583333333336 0.5416666666666666 0.08072916666666667 0.3333333333333333
6 0.8203125 0.5451388888888888 0.22135416666666666 0.4930555555555556
6 0.537109375 0.10648148148148148 0.15755208333333334 0.21296296296296297
7 0.64453125 0.3159722222222222 0.18229166666666666 0.28935185185185186
7 0.8854166666666666 0.1388888888888889 0.15104166666666666 0.2777777777777778
7 0.4557291666666667 0.8148148148148148 0.2708333333333333 0.37037037037037035
7 0.376953125 0.08680555555555555 0.16015625 0.16898148148148148
3 0.16080729166666666 0.10185185185185185 0.07682291666666667 0.1712962962962963