7 0.5911458333333334 0.5196759259259259 0.2552083333333333 0.3912037037037037
8 0.8795572916666666 0.17708333333333334 0.17578125 0.3541666666666667
6 0.14908854166666666 0.8402777777777778 0.2981770833333333 0.3194444444444444
6 0.8671875 0.5173611111111112 0.20572916666666666 0.44212962962962965
6 0.8209635416666666 0.8553240740740741 0.2643229166666667 0.28935185185185186
6 0.474609375 0.7997685185185185 0.28515625 0.40046296296296297
6 0.13541666666666666 0.3738425925925926 0.2708333333333333 0.41435185185185186
7 0.3098958333333333 0.14583333333333334 0.1953125 0.28703703703703703
6 0.5384114583333334 0.1087962962962963 0.17317708333333334 0.2175925925925926
6 0.6829427083333334 0.1736111111111111 0.16796875 0.30092592592592593
3 0.22591145833333334 0.5902777777777778 0.12890625 0.2638888888888889
3 0.19856770833333334 0.08564814814814815 0.06640625 0.1712962962962963
3 0.039713541666666664 0.2569444444444444 0.07942708333333333 0.2638888888888889