7 0.195515625 0.753287037037037 0.3235572916666667 0.48064814814814816
7 0.44479166666666664 0.8444444444444444 0.304171875 0.3111111111111111
7 0.5608489583333333 0.07934259259259259 0.15330729166666668 0.15126851851851852
7 0.89896875 0.0824074074074074 0.13544270833333333 0.1648148148148148
6 0.631375 0.33421296296296293 0.20649479166666668 0.38341666666666663
6 0.7176822916666666 0.07962962962962963 0.14161458333333332 0.15925925925925927
6 0.8517343749999999 0.3347407407407407 0.19305208333333335 0.37866666666666665
6 0.8205677083333334 0.7453148148148149 0.23488541666666668 0.4834351851851852
9 0.4293645833333333 0.2745092592592593 0.23372916666666665 0.41394444444444445
3 0.16508333333333333 0.3581759259259259 0.08641666666666666 0.2614259259259259
3 0.04895833333333333 0.37451851851851853 0.09791666666666667 0.24726851851851853
3 0.204421875 0.23960185185185184 0.08770833333333333 0.2504351851851852