6 0.16845833333333332 0.3311296296296296 0.1688125 0.2492962962962963
3 0.109734375 0.2750925925925926 0.049281250000000006 0.16499999999999998
7 0.30060937499999996 0.39919444444444446 0.14148958333333334 0.22800925925925927
7 0.36635416666666665 0.23550000000000001 0.09593229166666667 0.11822222222222223
6 0.6081354166666666 0.42698148148148146 0.15664583333333332 0.3021111111111111
6 0.61971875 0.23087037037037036 0.09441145833333334 0.1274814814814815
6 0.43158854166666666 0.4658796296296296 0.14516145833333333 0.3243425925925926
6 0.47468229166666664 0.2554166666666667 0.11886458333333333 0.1487962962962963
6 0.13447916666666665 0.6492407407407407 0.2654114583333333 0.35774074074074075
6 0.6405572916666666 0.7020092592592592 0.17774479166666665 0.20402777777777778
6 0.04375 0.6054814814814814 0.0875 0.3118796296296296