3 0.19075520833333334 0.4027777777777778 0.09505208333333333 0.3101851851851852
3 0.11458333333333333 0.34837962962962965 0.08854166666666667 0.2662037037037037
3 0.3157552083333333 0.6238425925925926 0.09244791666666667 0.3263888888888889
3 0.4446614583333333 0.5405092592592593 0.06901041666666667 0.2708333333333333
3 0.4055989583333333 0.40625 0.06901041666666667 0.22453703703703703
3 0.033203125 0.5613425925925926 0.06640625 0.3263888888888889
7 0.11263020833333333 0.8530092592592593 0.22526041666666666 0.29398148148148145
7 0.458984375 0.8344907407407407 0.2903645833333333 0.33101851851851855
7 0.3053385416666667 0.14814814814814814 0.19661458333333334 0.24537037037037038
7 0.6888020833333334 0.16319444444444445 0.15364583333333334 0.2708333333333333
6 0.4407552083333333 0.2337962962962963 0.19921875 0.33796296296296297
6 0.7903645833333334 0.7106481481481481 0.2526041666666667 0.5648148148148148
6 0.8704427083333334 0.2465277777777778 0.16015625 0.3402777777777778