3 0.10346354166666667 0.7881388888888889 0.12150520833333332 0.4089074074074074
3 0.248625 0.33352777777777776 0.08058333333333333 0.27367592592592593
3 0.35742708333333334 0.22182407407407406 0.061296875 0.26420370370370366
3 0.416875 0.075 0.06916666666666667 0.15
3 0.3015 0.1244537037037037 0.07174479166666667 0.22145370370370368
3 0.22585416666666666 0.2249722222222222 0.087125 0.26487037037037037
3 0.14831770833333333 0.15669444444444444 0.08205208333333333 0.25328703703703703
3 0.08227604166666666 0.388 0.104140625 0.29808333333333337
6 0.50640625 0.13425925925925927 0.185734375 0.26851851851851855
6 0.6883854166666666 0.14074074074074075 0.17260416666666664 0.2814814814814815
6 0.5685468749999999 0.5098055555555556 0.27459375 0.5174166666666666
6 0.7787916666666667 0.7525185185185186 0.28674479166666667 0.49124999999999996
6 0.8632447916666667 0.4055833333333333 0.21190625000000002 0.42956481481481484
6 0.9049479166666666 0.14166666666666666 0.15990104166666666 0.2833333333333333
9 0.37356770833333336 0.9074074074074074 0.37421875 0.18518518518518517