3 0.13346354166666666 0.4131944444444444 0.07161458333333333 0.2847222222222222
3 0.13736979166666666 0.16898148148148148 0.07421875 0.2361111111111111
3 0.041015625 0.3090277777777778 0.08203125 0.27546296296296297
3 0.24088541666666666 0.06481481481481481 0.06510416666666667 0.12962962962962962
6 0.2923177083333333 0.18287037037037038 0.18880208333333334 0.2824074074074074
6 0.8307291666666666 0.5636574074074074 0.21354166666666666 0.4791666666666667
6 0.458984375 0.7557870370370371 0.3216145833333333 0.48842592592592593
6 0.8717447916666666 0.2013888888888889 0.14192708333333334 0.28703703703703703
7 0.6640625 0.26967592592592593 0.15885416666666666 0.27546296296296297
7 0.4446614583333333 0.2847222222222222 0.18619791666666666 0.2638888888888889
7 0.24869791666666666 0.6886574074074074 0.2890625 0.41898148148148145
7 0.06380208333333333 0.6655092592592593 0.12760416666666666 0.3773148148148148
7 0.4850260416666667 0.09722222222222222 0.13411458333333334 0.19444444444444445