3 0.2601145833333333 0.3185 0.06189583333333334 0.2704166666666667
3 0.19788020833333334 0.2553888888888889 0.07284375000000001 0.2707037037037037
3 0.3320416666666667 0.21905555555555556 0.06200520833333333 0.21002777777777779
3 0.374890625 0.12755555555555556 0.047697916666666666 0.22265740740740741
3 0.24171354166666664 0.13662962962962963 0.05842708333333334 0.17488888888888887
3 0.3357708333333333 0.06759259259259259 0.03821354166666667 0.13518518518518519
6 0.18020833333333333 0.725925925925926 0.36041666666666666 0.5481481481481482
6 0.08645833333333333 0.533611111111111 0.17291666666666666 0.4598055555555555
6 0.45471354166666667 0.2197685185185185 0.19890624999999998 0.3469351851851852
6 0.8746822916666667 0.24251851851851852 0.15271875000000001 0.27422222222222226
7 0.555046875 0.08250925925925925 0.14198958333333334 0.16500925925925927
7 0.608859375 0.4942870370370371 0.23228125000000002 0.39228703703703705
7 0.79996875 0.7472222222222222 0.2542291666666667 0.5055555555555555