3 0.3365885416666667 0.6041666666666666 0.05859375 0.2175925925925926
1 0.8483072916666666 0.4305555555555556 0.25390625 0.48148148148148145
4 0.6373697916666666 0.6712962962962963 0.17838541666666666 0.27314814814814814
7 0.619140625 0.4756944444444444 0.12109375 0.1412037037037037
7 0.458984375 0.3645833333333333 0.10807291666666667 0.2152777777777778
7 0.6217447916666666 0.3368055555555556 0.10546875 0.17824074074074073
4 0.2923177083333333 0.375 0.13932291666666666 0.26851851851851855
6 0.17513020833333334 0.6643518518518519 0.21484375 0.2962962962962963
7 0.21549479166666666 0.30092592592592593 0.11328125 0.16666666666666666
6 0.0703125 0.6030092592592593 0.140625 0.33564814814814814
6 0.4036458333333333 0.6840277777777778 0.16927083333333334 0.27546296296296297
3 0.10416666666666667 0.28935185185185186 0.041666666666666664 0.1712962962962963