7 0.5858697916666666 0.6821111111111111 0.15169270833333334 0.2660648148148148
7 0.26780208333333333 0.48716666666666664 0.16544270833333333 0.2558240740740741
7 0.6095677083333333 0.33251851851851855 0.11993229166666668 0.22428703703703703
7 0.238375 0.25472222222222224 0.114921875 0.14277777777777775
7 0.363234375 0.2737037037037037 0.11259895833333333 0.17149074074074075
6 0.12536458333333333 0.700398148148148 0.22634895833333332 0.25171296296296297
6 0.06458333333333334 0.5939074074074073 0.12916666666666668 0.39059259259259255
5 0.41661458333333334 0.6087222222222222 0.19853645833333333 0.38319444444444445
3 0.4686927083333333 0.3679351851851852 0.08397395833333333 0.14234259259259258
3 0.1524375 0.31954629629629633 0.051369791666666664 0.18353703703703703
3 0.112203125 0.3540462962962963 0.07284375000000001 0.17012037037037037