3 0.703 0.26499074074074075 0.046078125 0.13369444444444442
3 0.7297447916666666 0.33750925925925923 0.055093750000000004 0.16144444444444445
3 0.8294270833333334 0.40324074074074073 0.05711979166666667 0.16327777777777777
3 0.9443854166666666 0.4739074074074074 0.07025520833333333 0.19966666666666666
3 0.8402135416666667 0.7744814814814815 0.09640104166666667 0.19587962962962965
3 0.7870520833333334 0.2569722222222222 0.05853645833333333 0.15467592592592594
3 0.8570364583333333 0.31437037037037036 0.05397916666666667 0.13367592592592592
6 0.6581927083333333 0.19247222222222224 0.08708854166666667 0.13062962962962965
6 0.7401614583333332 0.16377777777777777 0.08982291666666667 0.1040925925925926
6 0.18635416666666668 0.29337962962962966 0.12451562499999999 0.19046296296296295
6 0.25671354166666666 0.1755 0.06828645833333334 0.11520370370370371