6 0.11428124999999999 0.39337037037037037 0.14713541666666666 0.26698148148148143
7 0.057463541666666666 0.29612037037037037 0.11493229166666666 0.16508333333333333
6 0.9168385416666667 0.5949444444444444 0.16631770833333331 0.29359259259259257
7 0.6665520833333333 0.2303703703703704 0.08240625 0.16321296296296298
7 0.213625 0.16647222222222222 0.07344791666666667 0.10330555555555555
3 0.16500520833333335 0.21555555555555556 0.031796874999999995 0.13357407407407407
3 0.19799479166666664 0.2831574074074074 0.056088541666666665 0.10211111111111111
3 0.6965729166666667 0.33532407407407405 0.05545833333333334 0.15089814814814814
3 0.8007708333333333 0.3405740740740741 0.06929687500000001 0.1552222222222222
3 0.7175885416666666 0.17635185185185187 0.04468229166666667 0.12306481481481481
3 0.8054583333333334 0.23993518518518517 0.07033333333333333 0.11444444444444445