3 0.8144895833333333 0.43389814814814814 0.06335937500000001 0.23497222222222222
3 0.8634531249999999 0.35475 0.053307291666666666 0.1530185185185185
3 0.7846822916666666 0.29409259259259257 0.05615625 0.15207407407407408
3 0.8062968749999999 0.7807407407407407 0.12230208333333333 0.19018518518518518
3 0.05414583333333333 0.29710185185185184 0.071921875 0.11642592592592592
6 0.07239583333333334 0.46542592592592597 0.14479166666666668 0.30955555555555553
6 0.20673958333333334 0.26261111111111113 0.12090104166666667 0.1817037037037037
6 0.15790625 0.1949814814814815 0.091328125 0.13874074074074075
6 0.6781822916666667 0.3096111111111111 0.12853125 0.20625925925925925
3 0.24917708333333335 0.1554074074074074 0.041229166666666664 0.07378703703703704
7 0.7233593749999999 0.15262962962962964 0.07723958333333333 0.06822222222222223