3 0.16155208333333335 0.18711111111111112 0.03872395833333333 0.1001574074074074
3 0.22105208333333334 0.2537962962962963 0.06361979166666668 0.12239814814814814
3 0.22183333333333335 0.1808611111111111 0.04643229166666667 0.0645
3 0.747046875 0.31075 0.04044791666666667 0.13445370370370371
3 0.2611510416666667 0.16187962962962965 0.029072916666666667 0.0839351851851852
3 0.8204791666666666 0.5394907407407408 0.083140625 0.2400925925925926
3 0.9444322916666666 0.5239814814814815 0.08561458333333333 0.2414814814814815
5 0.7536927083333332 0.2003148148148148 0.09990625 0.14044444444444446
6 0.06263020833333334 0.2892222222222222 0.12526041666666668 0.20714814814814814
6 0.6570885416666666 0.2375833333333333 0.10040625 0.13628703703703704
6 0.6423749999999999 0.16280555555555556 0.064734375 0.056157407407407406