7 0.16077083333333334 0.21235185185185185 0.07220312499999999 0.1274814814814815
7 0.06341145833333334 0.44363888888888886 0.12682291666666667 0.20210185185185187
5 0.22898958333333336 0.2426574074074074 0.10589583333333333 0.15912962962962965
6 0.06927083333333334 0.2811203703703704 0.11354166666666667 0.17519444444444446
6 0.6755729166666666 0.24731481481481485 0.099890625 0.16499999999999998
6 0.7790677083333333 0.6140462962962963 0.20345312499999998 0.3429074074074074
6 0.7362447916666667 0.16303703703703704 0.07750520833333334 0.07050925925925926
6 0.6471927083333333 0.1637314814814815 0.06811979166666667 0.07652777777777778
9 0.8501614583333333 0.3366851851851852 0.16333854166666667 0.2604074074074074
1 0.55578125 0.2223148148148148 0.13969270833333333 0.2261111111111111
1 0.38549479166666667 0.19267592592592592 0.05505729166666666 0.12978703703703703
3 0.22066145833333334 0.15006481481481482 0.03576041666666666 0.06310185185185185