7 0.8975520833333334 0.4776759259259259 0.16437500000000002 0.24146296296296293
7 0.2490416666666667 0.22323148148148148 0.07204166666666666 0.1353611111111111
6 0.124453125 0.3505740740740741 0.14745312500000002 0.23262962962962963
6 0.04309895833333333 0.28250000000000003 0.08619791666666667 0.17982407407407408
6 0.7256874999999999 0.6929907407407407 0.24772916666666667 0.34802777777777777
5 0.7443124999999999 0.1722962962962963 0.10008333333333333 0.10755555555555556
9 0.02421875 0.5212037037037037 0.0484375 0.3285277777777778
3 0.16324479166666667 0.20100925925925925 0.03340625 0.10941666666666666
3 0.21128645833333334 0.1486759259259259 0.033671875000000004 0.05106481481481481
3 0.6449739583333333 0.2054074074074074 0.028276041666666665 0.10432407407407407
3 0.6809114583333333 0.26004629629629633 0.039739583333333335 0.12100925925925926
3 0.7225729166666667 0.3575185185185185 0.05016145833333333 0.16317592592592592
3 0.9734375 0.7149814814814814 0.053125 0.28552777777777777