6 0.6986041666666666 0.6279351851851851 0.235234375 0.35217592592592595
5 0.7879375 0.23273148148148148 0.12256249999999999 0.16823148148148148
6 0.6759687499999999 0.30912962962962964 0.106921875 0.18214814814814814
3 0.8584999999999999 0.3568148148148148 0.080390625 0.15715740740740738
3 0.207515625 0.2690740740740741 0.04903645833333334 0.1622222222222222
3 0.7413177083333333 0.1549351851851852 0.02899479166666667 0.08671296296296296
3 0.8647447916666666 0.5181944444444444 0.07792708333333334 0.21600925925925926
3 0.07328124999999999 0.28250000000000003 0.049276041666666666 0.12425925925925925
3 0.152828125 0.20170370370370372 0.04381770833333333 0.09691666666666666
3 0.14397916666666666 0.3288055555555556 0.051109375 0.12427777777777778
3 0.13199479166666667 0.2514722222222222 0.04992708333333333 0.07146296296296296
3 0.9329739583333333 0.7483240740740741 0.07728125 0.25960185185185186