6 0.7285572916666666 0.5117592592592592 0.15711979166666667 0.24945370370370373
6 0.6537031249999999 0.19150925925925927 0.08894791666666667 0.1459814814814815
6 0.13394791666666667 0.3562685185185185 0.14928645833333334 0.1792037037037037
7 0.17469270833333334 0.20400925925925928 0.09834375 0.12468518518518518
3 0.853421875 0.3837962962962963 0.07611979166666667 0.2388888888888889
3 0.24578645833333335 0.2276111111111111 0.03759375 0.1255925925925926
3 0.083296875 0.2535277777777778 0.05006770833333333 0.15889814814814815
3 0.019661458333333333 0.3032777777777778 0.039322916666666666 0.17044444444444445
3 0.21414583333333334 0.15842592592592591 0.030557291666666667 0.07519444444444444
3 0.27533854166666666 0.17208333333333334 0.013703125 0.0700925925925926
3 0.2603697916666667 0.14153703703703704 0.022817708333333336 0.06455555555555556