3 0.7373802083333333 0.452 0.081484375 0.19905555555555554
3 0.6898020833333334 0.2785648148148148 0.05858854166666667 0.1855277777777778
3 0.9127760416666667 0.5118611111111111 0.084859375 0.23237037037037037
3 0.8370885416666667 0.7568888888888889 0.09709374999999999 0.2656296296296296
3 0.9758697916666667 0.775712962962963 0.048265625 0.22303703703703703
7 0.8226458333333333 0.3202314814814815 0.11582291666666666 0.17625925925925928
7 0.7478020833333333 0.19339814814814815 0.07453645833333335 0.13864814814814816
7 0.6583645833333333 0.18846296296296294 0.07632291666666666 0.1287777777777778
6 0.144328125 0.31560185185185186 0.139125 0.22872222222222224
7 0.109078125 0.23475000000000001 0.08808854166666666 0.1287685185185185
6 0.225609375 0.16130555555555556 0.07378645833333333 0.09299074074074075
3 0.14955208333333334 0.1551388888888889 0.03840104166666667 0.10533333333333333