7 0.10577083333333334 0.4155833333333333 0.14679166666666665 0.18796296296296297
7 0.252546875 0.21471296296296294 0.07383854166666667 0.12119444444444444
5 0.6574947916666667 0.25912962962962965 0.10236979166666667 0.18986111111111112
6 0.834796875 0.3353425925925926 0.14013020833333334 0.22501851851851853
6 0.0453125 0.3196111111111111 0.090625 0.23675
3 0.108390625 0.2393796296296296 0.05475 0.1256759259259259
3 0.15996875 0.18075 0.03839583333333333 0.11951851851851852
3 0.21727604166666667 0.15451851851851853 0.041838541666666666 0.09792592592592593
3 0.18757812499999998 0.17642592592592593 0.04914583333333333 0.14791666666666667
3 0.14607291666666666 0.2906111111111111 0.052296875 0.09233333333333334
3 0.8631041666666667 0.7294166666666666 0.121703125 0.31562962962962965
3 0.73790625 0.18876851851851853 0.0491875 0.12322222222222223