3 0.7473177083333333 0.3831111111111111 0.08661458333333334 0.17733333333333334
3 0.8286927083333333 0.3157685185185185 0.07230729166666668 0.1676574074074074
3 0.9163177083333333 0.4955740740740741 0.07674479166666666 0.1892962962962963
3 0.7284375 0.2625648148148148 0.059270833333333335 0.08900925925925926
7 0.6539583333333333 0.2262222222222222 0.09385416666666666 0.11356481481481483
7 0.09322916666666667 0.4876944444444445 0.18645833333333334 0.25687037037037036
7 0.12105729166666666 0.25630555555555556 0.13600520833333332 0.14594444444444446
3 0.17521875 0.17577777777777778 0.03810416666666667 0.09600925925925925
3 0.141625 0.1794814814814815 0.035333333333333335 0.08489814814814814
6 0.7715260416666666 0.21163888888888888 0.09201562499999999 0.13532407407407407
6 0.27338541666666666 0.16560185185185183 0.0384375 0.09415740740740741
6 0.7937864583333333 0.777425925925926 0.2641354166666667 0.20670370370370372