7 0.10752083333333333 0.4349074074074074 0.14642708333333332 0.20698148148148146
3 0.2727395833333333 0.17508333333333334 0.033171874999999997 0.10850000000000001
3 0.18277083333333335 0.3044351851851852 0.049041666666666664 0.13110185185185186
3 0.10569270833333334 0.3090740740740741 0.05736458333333334 0.08481481481481482
3 0.028614583333333332 0.38102777777777774 0.05527083333333334 0.1777962962962963
8 0.13420833333333335 0.2051574074074074 0.12272916666666665 0.15939814814814815
7 0.6887291666666666 0.27574074074074073 0.10483854166666666 0.1662962962962963
7 0.6348177083333333 0.1582222222222222 0.06339062499999999 0.06875
1 0.5234947916666667 0.43950925925925927 0.22979166666666667 0.5864259259259259
3 0.9604166666666667 0.5398333333333333 0.07916666666666666 0.24541666666666667
3 0.7332552083333332 0.17677777777777776 0.048078125 0.11651851851851852