3 0.7457552083333333 0.463787037037037 0.08973958333333334 0.21367592592592594
3 0.8223125 0.37927777777777777 0.07204687500000001 0.19744444444444445
3 0.6977083333333333 0.1952222222222222 0.0478125 0.12099074074074073
3 0.17834375 0.18711111111111112 0.03185416666666666 0.11867592592592592
6 0.06328125 0.2788055555555556 0.1265625 0.19093518518518518
6 0.7736041666666666 0.7663796296296297 0.221171875 0.23089814814814816
9 0.21844791666666669 0.16049074074074074 0.07665104166666666 0.07931481481481481
9 0.11767708333333333 0.36862962962962964 0.15840104166666666 0.24097222222222223
7 0.25828124999999996 0.20724074074074073 0.06031770833333334 0.11422222222222222
7 0.6441979166666666 0.16072222222222224 0.07410416666666667 0.09366666666666666
7 0.780125 0.21628703703703703 0.10432812500000001 0.14924074074074076
7 0.6647708333333333 0.2926944444444445 0.10066666666666667 0.16315740740740742