3 0.08316666666666667 0.35233333333333333 0.04772395833333333 0.1574537037037037
3 0.02392708333333333 0.31392592592592594 0.039515625000000006 0.16395370370370368
3 0.125484375 0.21766666666666667 0.03861979166666667 0.11958333333333333
3 0.15829166666666666 0.17162037037037037 0.0355 0.05990740740740741
3 0.16714583333333335 0.23108333333333334 0.059453125 0.11864814814814814
3 0.6624270833333333 0.18688888888888888 0.03765104166666667 0.09970370370370371
3 0.6940624999999999 0.16930555555555554 0.034270833333333334 0.08305555555555556
3 0.7450989583333333 0.14894444444444446 0.036359375 0.06085185185185185
7 0.7681510416666666 0.2190462962962963 0.08661979166666667 0.1316203703703704
7 0.6908020833333333 0.32109259259259254 0.1180625 0.18292592592592594
7 0.747828125 0.69225 0.2060729166666667 0.31412962962962965
6 0.24488020833333335 0.25074074074074076 0.11493229166666666 0.19037037037037036