3 0.7885833333333333 0.28875 0.050953125 0.15991666666666668
3 0.9256770833333333 0.529537037037037 0.07479166666666666 0.2155462962962963
9 0.678171875 0.3241851851851852 0.12404687499999999 0.24465740740740743
3 0.7361145833333332 0.18039814814814817 0.033499999999999995 0.07283333333333333
7 0.6664583333333333 0.21026851851851852 0.08166145833333333 0.10941666666666666
3 0.7085104166666666 0.15028703703703705 0.015458333333333333 0.05219444444444444
1 0.139453125 0.5767962962962964 0.27890625 0.6434074074074074
3 0.13095833333333334 0.22855555555555557 0.04590104166666666 0.07655555555555556
7 0.19605208333333335 0.16695370370370372 0.06345833333333334 0.09293518518518519
9 0.2560729166666667 0.19542592592592592 0.05589583333333333 0.14247222222222222
6 0.03723958333333333 0.2871296296296296 0.07447916666666667 0.115