6 0.68221875 0.28151851851851856 0.13347916666666665 0.19174074074074074
6 0.08606770833333334 0.4395555555555556 0.17213541666666668 0.27171296296296293
6 0.25359375 0.20612962962962963 0.07177604166666667 0.13496296296296295
7 0.21661979166666667 0.16146296296296295 0.07073958333333333 0.07152777777777777
7 0.6357291666666666 0.16791666666666666 0.0678125 0.08952777777777778
7 0.9200520833333333 0.5698518518518519 0.15989583333333332 0.24062037037037037
3 0.7560364583333333 0.19706481481481483 0.056151041666666665 0.12005555555555555
3 0.11819270833333334 0.24380555555555555 0.053197916666666664 0.13021296296296295
3 0.07275000000000001 0.2965833333333333 0.04602083333333333 0.06908333333333333
3 0.8519895833333333 0.7940925925925926 0.10189583333333332 0.1844814814814815
3 0.7051302083333333 0.14385185185185187 0.03557291666666666 0.059925925925925924