7 0.026822916666666665 0.34894444444444445 0.05364583333333333 0.1506759259259259
6 0.16767708333333334 0.3156111111111111 0.12766666666666668 0.1951111111111111
5 0.14111458333333332 0.21883333333333332 0.114125 0.14044444444444446
3 0.18056770833333333 0.16557407407407407 0.03055208333333333 0.09506481481481481
3 0.21571354166666667 0.17044444444444445 0.030026041666666666 0.10385185185185185
6 0.27104687499999996 0.16326851851851854 0.02803125 0.08487037037037037
3 0.6923697916666666 0.2769444444444445 0.06890625 0.13166666666666665
3 0.7398906249999999 0.23642592592592593 0.028552083333333332 0.13860185185185184
3 0.7648906249999999 0.29662037037037037 0.04105729166666667 0.12936111111111112
3 0.7913177083333333 0.20725925925925925 0.05850520833333333 0.10802777777777778
3 0.833765625 0.3223240740740741 0.072578125 0.16687037037037036
3 0.9064166666666666 0.49596296296296294 0.06790104166666668 0.22712037037037036
4 0.6629375 0.17275925925925928 0.08577083333333334 0.09922222222222223
1 0.793125 0.7430000000000001 0.3565625 0.26284259259259257