6 0.08309895833333333 0.426287037037037 0.16619270833333333 0.299787037037037
3 0.125359375 0.2500925925925926 0.049281250000000006 0.13350925925925924
3 0.195015625 0.16928703703703704 0.053197916666666664 0.06912962962962962
3 0.24475 0.16049074074074074 0.042270833333333334 0.07930555555555556
3 0.22183333333333335 0.13849074074074075 0.0160625 0.0492037037037037
3 0.64171875 0.16674074074074074 0.030312500000000003 0.09644444444444444
3 0.7068177083333332 0.17762037037037037 0.03550520833333334 0.08209259259259259
3 0.76996875 0.201 0.059546875 0.09089814814814814
3 0.693796875 0.14080555555555554 0.040718750000000005 0.02950925925925926
7 0.8605729166666667 0.4049814814814815 0.16333854166666667 0.23496296296296296
6 0.26896354166666664 0.1745925925925926 0.04261458333333333 0.10080555555555556