6 0.07104166666666667 0.2958518518518518 0.11902604166666667 0.17071296296296296
7 0.218484375 0.25542592592592595 0.10539583333333334 0.13307407407407407
6 0.687359375 0.33596296296296296 0.13986458333333335 0.18921296296296294
9 0.8040677083333333 0.2526481481481482 0.08700520833333333 0.15837962962962965
7 0.934203125 0.6177037037037038 0.13159895833333332 0.3020833333333333
3 0.6866770833333333 0.19247222222222224 0.04400520833333333 0.10593518518518519
3 0.8068489583333334 0.3406018518518519 0.06755208333333333 0.15526851851851853
3 0.7542447916666667 0.49921296296296297 0.06544270833333334 0.21324074074074076
3 0.8450520833333334 0.7513333333333334 0.08836979166666666 0.24217592592592593
3 0.7728333333333333 0.7883703703703704 0.08663541666666667 0.14341666666666666
6 0.6401354166666666 0.16408333333333333 0.05375520833333333 0.07385185185185186