3 0.69240625 0.39059259259259255 0.063796875 0.1935185185185185
3 0.8803020833333334 0.5445740740740741 0.08383854166666667 0.2113796296296296
3 0.8374375000000001 0.7321944444444445 0.118625 0.29032407407407407
3 0.7490208333333332 0.2575925925925926 0.04084375 0.11887962962962961
3 0.6903281250000001 0.20112037037037037 0.04018229166666667 0.049157407407407414
6 0.8297604166666667 0.33442592592592596 0.1467291666666667 0.21699074074074073
6 0.1978125 0.28597222222222224 0.12242708333333334 0.2003425925925926
6 0.5609322916666667 0.4692777777777778 0.14271354166666667 0.23362037037037037
7 0.7448489583333333 0.17364814814814813 0.07696875 0.1485277777777778
7 0.6656614583333333 0.2616018518518518 0.08256770833333334 0.14541666666666667
10 0.5864947916666666 0.19187962962962962 0.07854166666666668 0.12983333333333333
9 0.06527604166666666 0.2804166666666667 0.13055729166666666 0.20157407407407407
9 0.186359375 0.1585277777777778 0.08283854166666667 0.09977777777777778
7 0.264171875 0.19093518518518518 0.031125 0.10902777777777778