6 0.04878645833333333 0.3430648148148148 0.09756770833333334 0.20958333333333332
6 0.49684375000000003 0.6778796296296297 0.19797395833333334 0.30514814814814817
6 0.6752083333333334 0.2946111111111111 0.11555729166666667 0.19293518518518518
6 0.735296875 0.17674074074074073 0.08565625 0.11766666666666667
3 0.788265625 0.3103518518518519 0.08041666666666666 0.1812037037037037
3 0.8938489583333333 0.34676851851851853 0.09146875 0.1922962962962963
3 0.15527604166666667 0.19925925925925925 0.051250000000000004 0.1318611111111111
3 0.20043229166666665 0.15914814814814815 0.04427604166666667 0.08866666666666667
6 0.262265625 0.17521296296296296 0.05161458333333333 0.10143518518518518
7 0.2018125 0.30726851851851855 0.11096354166666668 0.18737037037037038
7 0.9090260416666667 0.5566111111111111 0.18194270833333331 0.2663055555555556