7 0.7061562499999999 0.5152962962962963 0.16161979166666668 0.2207222222222222
7 0.8400416666666667 0.35168518518518516 0.1273125 0.1774537037037037
3 0.6786875 0.24981481481481482 0.05304166666666667 0.13420370370370371
3 0.9034322916666666 0.7838518518518518 0.13950520833333335 0.17758333333333332
3 0.2021666666666667 0.19919444444444445 0.033859375000000004 0.15641666666666668
3 0.24767708333333335 0.15319444444444444 0.036328125 0.04588888888888889
6 0.115328125 0.23871296296296296 0.11031770833333333 0.1860648148148148
6 0.65003125 0.1655462962962963 0.07910416666666667 0.09528703703703703
5 0.7670729166666667 0.20042592592592592 0.11585416666666666 0.13418518518518519
7 0.2601822916666667 0.20966666666666667 0.047447916666666666 0.10658333333333334
6 0.06632291666666666 0.4862870370370371 0.12708333333333333 0.24911111111111112