6 0.156734375 0.19266666666666668 0.08028645833333334 0.14366666666666666
6 0.686375 0.35904629629629625 0.10400520833333333 0.18475
6 0.7553802083333333 0.6876203703703704 0.236796875 0.36041666666666666
7 0.656171875 0.1998425925925926 0.09567708333333333 0.10710185185185185
7 0.19722395833333334 0.28175925925925926 0.12169270833333333 0.1690648148148148
3 0.026822916666666665 0.3359074074074074 0.05364583333333333 0.157
3 0.7914479166666666 0.29055555555555557 0.045921875 0.12185185185185185
3 0.7210104166666667 0.1681388888888889 0.032651041666666665 0.10387962962962963
3 0.7798645833333333 0.22946296296296295 0.047562499999999994 0.12929629629629627
3 0.2744270833333333 0.1563425925925926 0.030109375 0.09416666666666666
7 0.04635416666666667 0.5041296296296297 0.09270833333333334 0.2573240740740741