1 0.5570833333333333 0.513787037037037 0.25427083333333333 0.6007314814814815
3 0.8745208333333333 0.4083333333333333 0.07439583333333334 0.18611111111111112
3 0.6832552083333333 0.20794444444444446 0.03765104166666667 0.09089814814814814
3 0.6583854166666666 0.14826851851851852 0.035 0.056240740740740744
3 0.7191927083333333 0.15937962962962962 0.038697916666666665 0.07106481481481482
3 0.16975 0.2338703703703704 0.04383333333333333 0.08717592592592593
3 0.08694270833333334 0.2877777777777778 0.07402604166666667 0.15332407407407408
7 0.16871354166666666 0.34075925925925926 0.13965624999999998 0.1991111111111111
7 0.7982239583333333 0.27574074074074073 0.10719270833333333 0.1662962962962963
7 0.897265625 0.6237592592592592 0.20546875 0.3067685185185185
7 0.21011458333333335 0.15937962962962962 0.08289583333333334 0.08957407407407407