3 0.09866666666666667 0.29500925925925925 0.058390625 0.1585277777777778
3 0.170015625 0.21721296296296297 0.04069791666666667 0.1510925925925926
3 0.20699479166666668 0.19267592592592592 0.050078125 0.12978703703703703
3 0.23368229166666668 0.16581481481481483 0.04096875 0.09459259259259259
3 0.7272604166666666 0.15308333333333335 0.03211979166666667 0.08300925925925927
3 0.792359375 0.20008333333333334 0.03731770833333334 0.10756481481481482
3 0.8340260416666666 0.28064814814814815 0.05643229166666666 0.13907407407407407
3 0.9070677083333333 0.4237314814814815 0.07961979166666668 0.1752314814814815
6 0.7806302083333333 0.7244814814814815 0.26907291666666666 0.31839814814814815
4 0.6512291666666666 0.17692592592592593 0.0886875 0.11682407407407408
9 0.686125 0.3209351851851852 0.13348437500000002 0.22891666666666666