6 0.22156770833333334 0.24361111111111114 0.10407291666666667 0.1761111111111111
3 0.17886979166666667 0.1810925925925926 0.022989583333333334 0.09737037037037037
3 0.20334375000000002 0.1584074074074074 0.026119791666666666 0.061250000000000006
3 0.263890625 0.14821296296296296 0.04305729166666667 0.04087037037037037
3 0.7937916666666667 0.2697685185185185 0.082203125 0.13120370370370368
3 0.03463541666666667 0.41956481481481483 0.06927083333333334 0.1761574074074074
6 0.10700520833333332 0.2748611111111111 0.12505729166666668 0.16917592592592592
6 0.7324583333333333 0.707574074074074 0.2091875 0.3262685185185185
5 0.6497968749999999 0.16141666666666668 0.073328125 0.08115740740740741
7 0.7663229166666666 0.18897222222222224 0.08766666666666666 0.12237962962962962
9 0.928515625 0.6290925925925925 0.14296875 0.3498611111111111